1, Z, 72, 100
45, e, 24, 30
56, g, 48, 89
90, m, 92, 20
89, V, 58, 99
99, f, 53, 32
8, d, 9, 14
38, n, 99, 61
60, m, 76, 72
70, c, 24, 21
86, q, 9, 69
14, e, 66, 67
21, v, 100, 72
79, G, 72, 57
99, F, 86, 77
97, f, 23, 27
21, J, 5, 73
50, L, 17, 91
3, z, 22, 33
60, B, 53, 59
94, v, 55, 45
14, k, 85, 70
0, T, 16, 57
72, K, 28, 5
82, b, 42, 72
46, A, 64, 13
80, e, 30, 55
67, k, 94, 12
8, A, 93, 83
23, h, 63, 29
95, p, 57, 14
18, h, 24, 16
44, E, 11, 61
16, B, 5, 64
84, O, 15, 0
74, C, 3, 8
54, N, 12, 54
58, P, 2, 3
5, u, 5, 89
27, K, 54, 47
66, i, 5, 76
55, T, 31, 74
80, j, 31, 36
76, Q, 50, 93
19, m, 28, 0
53, s, 76, 28
60, k, 37, 1
52, j, 92, 65
95, L, 50, 39
78, z, 9, 64
58, i, 62, 69
99, L, 54, 33
90, z, 24, 20
55, Z, 97, 46
69, b, 99, 82
51, v, 17, 77
90, p, 87, 65
24, R, 82, 72
47, B, 66, 21
1, C, 9, 73
43, p, 9, 26
24, j, 93, 86
63, t, 71, 11
26, k, 97, 96
91, E, 5, 93
4, M, 18, 56
85, k, 56, 45
26, Q, 58, 50
50, J, 5, 44
53, v, 16, 52
54, z, 43, 13
23, M, 81, 96
67, i, 79, 97
15, u, 31, 15
56, k, 77, 23
86, X, 45, 69
16, j, 43, 97
62, F, 97, 28
92, E, 43, 96
24, d, 48, 47
25, O, 62, 100
75, K, 59, 6
13, q, 98, 12
50, R, 16, 70
37, k, 97, 17
66, I, 52, 61
54, N, 70, 76
92, J, 58, 95
69, K, 36, 71
32, T, 21, 79
89, N, 22, 45
5, d, 63, 84
67, K, 81, 49
67, t, 8, 48
89, O, 49, 52
83, q, 36, 57
19, b, 97, 3
10, d, 25, 9
38, l, 39, 76
0, A, 77, 62
17, i, 7, 67
8, g, 27, 77
49, B, 25, 23
8, E, 34, 14
51, N, 13, 39
2, k, 56, 63
54, F, 90, 66
88, n, 62, 45
95, m, 77, 31
46, W, 23, 18
20, q, 95, 97
85, G, 13, 90
13, G, 81, 29
42, C, 36, 10
55, Y, 97, 10
29, D, 20, 41
18, W, 60, 58
4, q, 19, 70
20, S, 9, 5
35, L, 18, 18
27, l, 21, 39
28, Q, 67, 25
48, E, 96, 91
46, a, 37, 48
28, o, 57, 76
11, h, 83, 56
49, G, 100, 51
79, Q, 43, 82
92, r, 33, 48
33, B, 32, 10
27, m, 26, 74
53, u, 2, 68
18, j, 58, 82
8, h, 6, 26
11, n, 98, 85
0, i, 29, 15
43, x, 4, 60
28, B, 36, 17
52, Q, 31, 83
96, l, 24, 95
74, K, 40, 82
64, z, 89, 75
81, o, 87, 8
34, f, 70, 97
44, e, 13, 80
9, G, 36, 97
92, R, 40, 50
26, Q, 7, 6
26, E, 67, 21
50, a, 65, 3
74, a, 34, 28
89, M, 93, 15
63, g, 73, 28
24, x, 13, 20
16, Y, 35, 71
98, E, 56, 11
40, f, 73, 71
30, D, 10, 87
86, p, 15, 48
41, r, 22, 25
25, V, 15, 29
59, n, 26, 81
76, c, 43, 66
78, N, 9, 73
12, z, 66, 8
27, T, 74, 41
82, D, 56, 53
73, n, 35, 96
53, u, 32, 42
28, S, 30, 22
3, E, 88, 80
33, C, 39, 63
10, a, 25, 65
83, h, 63, 26
18, n, 58, 87
6, W, 29, 50
59, o, 70, 58
95, g, 48, 44
89, J, 95, 10
41, Y, 67, 73
58, V, 22, 63
11, u, 87, 92
16, H, 66, 54
73, e, 42, 54
30, g, 70, 70
5, Q, 79, 90
2, M, 5, 36
58, s, 33, 66
21, K, 80, 49
42, w, 43, 12
43, F, 36, 73
95, H, 79, 50
63, s, 17, 33
37, w, 8, 90
17, Y, 8, 75
63, D, 41, 22
96, e, 35, 15
81, I, 10, 11
42, Q, 23, 17
34, v, 46, 42
21, V, 41, 19
57, P, 71, 91
45, U, 95, 35
34, R, 27, 58
90, k, 47, 79
24, U, 77, 60
64, x, 94, 77
87, M, 62, 8
25, W, 96, 37
86, u, 100, 78
53, E, 88, 68
34, q, 71, 16
79, d, 70, 88
17, p, 58, 49
91, D, 38, 69
26, Y, 87, 14
19, y, 49, 26
23, j, 29, 30
16, d, 80, 44
42, J, 11, 28
16, q, 73, 50
69, b, 71, 73
32, w, 54, 27
70, c, 58, 79
76, P, 91, 27
1, g, 78, 41
44, a, 83, 16
12, A, 0, 5
92, H, 5, 93
48, j, 0, 89
29, L, 26, 82
60, G, 22, 53
8, F, 38, 25
33, S, 43, 8
50, v, 51, 18
31, o, 69, 26
90, D, 6, 47
73, Q, 50, 2
5, I, 55, 1
86, M, 94, 66
98, t, 59, 38
19, o, 71, 84
45, k, 20, 94
11, C, 52, 22
29, W, 65, 58
61, D, 81, 48
30, I, 34, 0
1, n, 1, 100
0, R, 94, 97
22, V, 18, 61
31, p, 96, 97
52, Z, 36, 51
18, r, 10, 41
97, S, 84, 92
88, L, 72, 19
7, U, 44, 17
31, Q, 43, 10
37, U, 16, 85
11, D, 5, 61
4, V, 92, 86
94, o, 30, 36
20, M, 13, 86
59, q, 11, 64
67, L, 8, 18
50, v, 7, 97
47, n, 52, 84
35, g, 94, 62
96, I, 35, 8
6, l, 84, 96
55, J, 39, 22
18, O, 26, 64
19, g, 43, 49
30, F, 42, 78
58, Y, 44, 49
22, e, 23, 29
71, b, 30, 33
12, y, 11, 45
34, L, 63, 16
35, l, 2, 85
100, i, 21, 54
27, w, 65, 11
59, i, 27, 42
8, s, 44, 82
18, H, 30, 100
55, B, 70, 21
20, j, 97, 25
9, U, 16, 18
65, L, 2, 67
20, W, 37, 41
42, K, 53, 87
34, q, 50, 83
27, o, 78, 10
98, u, 10, 19
13, S, 75, 71
47, f, 91, 33
88, y, 28, 7
36, b, 57, 70
39, t, 70, 17
2, G, 81, 16
55, L, 63, 38
34, Q, 46, 27
17, e, 100, 99
25, m, 83, 33
23, q, 14, 73
86, x, 20, 13
13, T, 47, 29
59, X, 16, 0
31, n, 14, 63
87, j, 67, 0
67, C, 93, 83
78, I, 18, 56
69, R, 39, 95
62, m, 33, 20
10, i, 30, 57
33, X, 34, 60
28, c, 75, 42
97, Z, 0, 85
63, B, 91, 83
29, l, 89, 18
46, s, 10, 39
34, m, 91, 62
98, q, 94, 64
82, o, 69, 89
22, v, 22, 90
75, y, 44, 0
91, J, 54, 69
29, u, 66, 81
39, H, 74, 53
40, U, 46, 59
60, G, 30, 99
91, w, 29, 1
73, u, 65, 40
96, j, 30, 51
4, k, 78, 6
51, J, 100, 79
21, W, 52, 21
49, r, 28, 11
73, g, 80, 3
98, G, 19, 91
85, O, 89, 49
82, D, 93, 22
16, o, 26, 82
92, A, 58, 62
62, y, 51, 14
4, w, 83, 57
17, C, 84, 57
80, W, 53, 23
81, Y, 10, 92
23, D, 45, 39
56, w, 55, 82
65, x, 85, 76
82, v, 92, 14
66, C, 66, 64
96, x, 79, 85
58, B, 21, 51
84, w, 52, 37
16, c, 40, 45
1, i, 10, 99
30, O, 1, 45
12, U, 31, 40
49, I, 48, 82
46, T, 28, 24
78, H, 31, 66
78, H, 85, 23
31, G, 14, 71
2, w, 99, 71
56, U, 16, 29
89, C, 4, 43
80, V, 15, 85
42, e, 16, 69
76, I, 53, 84
52, g, 13, 31
31, Y, 92, 39
76, F, 95, 31
100, Y, 41, 36
25, L, 6, 66
46, V, 55, 100
9, I, 84, 39
87, F, 82, 32
83, V, 68, 10
15, N, 88, 16
5, U, 56, 13
36, Q, 74, 41
74, X, 54, 11
36, a, 88, 78
82, q, 2, 42
26, E, 50, 97
83, c, 81, 7
15, i, 28, 74
18, i, 64, 68
97, U, 69, 42
37, w, 86, 22
10, K, 94, 1
91, O, 26, 77
13, I, 34, 25
15, b, 23, 1
79, x, 29, 97
32, H, 23, 38
4, z, 24, 91
99, Q, 98, 19
71, s, 97, 14
30, t, 98, 14
10, r, 96, 85
22, m, 75, 4
42, r, 32, 27
86, G, 62, 98
0, I, 50, 7
28, j, 68, 50
73, K, 40, 94
25, K, 73, 8
55, N, 38, 45
37, c, 83, 23
19, f, 90, 38
40, U, 63, 69
34, r, 39, 69
28, G, 11, 81
54, G, 62, 45
55, D, 64, 96
37, R, 91, 52
17, l, 75, 35
40, d, 30, 76
74, V, 37, 1
89, y, 30, 32
12, m, 55, 45
90, L, 36, 87
40, s, 51, 68
15, I, 96, 4
53, V, 51, 14
55, i, 88, 91
48, O, 73, 3
29, Y, 69, 62
93, P, 97, 63
28, V, 0, 64
85, p, 27, 4
53, C, 15, 62
50, B, 1, 83
41, r, 84, 20
54, O, 40, 63
40, r, 2, 97
8, h, 29, 85
23, e, 81, 17
44, x, 94, 47
77, S, 95, 57
12, h, 25, 80
11, V, 86, 51
88, p, 29, 32
35, f, 15, 53
21, u, 66, 69
66, q, 33, 49
58, k, 40, 17
90, Q, 96, 85
23, G, 36, 80
65, O, 13, 51
95, b, 100, 54
83, t, 65, 26
89, e, 61, 75
71, C, 92, 1
63, M, 48, 75
82, u, 37, 83
52, u, 34, 3
36, L, 5, 22
10, F, 30, 63
48, t, 78, 83
57, Q, 4, 95
89, I, 35, 23
5, p, 6, 86
89, O, 31, 44
42, L, 73, 100
94, C, 99, 75
27, X, 5, 47
55, u, 84, 55
94, q, 33, 99
94, j, 38, 26
86, n, 7, 87
25, F, 74, 41
79, S, 84, 44
78, N, 51, 17
40, z, 65, 8
30, K, 57, 70
29, g, 57, 12
15, M, 17, 91
5, y, 71, 52
2, J, 36, 53
100, Y, 86, 64
10, v, 92, 35
47, y, 8, 11
42, S, 30, 73
85, N, 61, 23
88, A, 99, 60
98, t, 71, 23
44, k, 21, 16
99, a, 54, 84
9, m, 39, 99
51, j, 17, 1
93, s, 53, 22
96, J, 64, 87
96, k, 49, 12
12, C, 92, 26
56, z, 24, 57
45, Y, 98, 5
98, A, 46, 76
27, X, 25, 2
2, x, 46, 31
35, V, 17, 62
18, m, 83, 78
9, o, 32, 31
62, O, 65, 98
53, U, 27, 38
75, s, 47, 38
41, D, 7, 35
27, K, 42, 73
49, d, 92, 48
58, h, 82, 13
77, X, 75, 83
2, g, 74, 13
97, d, 82, 3
97, C, 89, 66
82, i, 20, 19
39, r, 4, 8
73, U, 45, 92
2, P, 28, 86
53, u, 42, 12
23, T, 52, 59
11, Z, 22, 48
13, i, 58, 62
56, H, 7, 21
87, L, 15, 43
60, J, 48, 89
50, f, 24, 28
98, N, 14, 23
68, Q, 67, 81
98, h, 18, 44
75, I, 1, 19
82, E, 20, 77
74, H, 26, 39
87, u, 30, 93
60, W, 19, 77
61, S, 61, 44
63, C, 86, 59
47, s, 42, 25
54, i, 60, 11
7, R, 83, 34
42, l, 13, 41
96, c, 65, 15
41, D, 14, 25
100, G, 29, 67
94, B, 8, 78
43, F, 37, 6
92, C, 19, 94
12, U, 44, 84
97, S, 90, 97
41, t, 52, 66
1, I, 67, 20
92, i, 70, 58
58, d, 54, 10
51, B, 56, 75
80, c, 15, 59
98, Y, 8, 54
56, y, 87, 1
25, q, 68, 7
46, w, 14, 28
31, Z, 95, 29
10, v, 43, 26
65, X, 29, 80
93, w, 39, 46
17, H, 16, 92
75, u, 94, 81
62, p, 98, 87
20, A, 32, 8
94, E, 9, 76
94, y, 16, 21
13, E, 29, 8
16, H, 42, 35
59, K, 54, 52
99, i, 86, 16
5, o, 33, 42
52, t, 24, 69
25, r, 15, 47
3, M, 28, 52
36, I, 85, 33
43, P, 37, 66
21, M, 75, 8
94, i, 76, 58
30, w, 6, 80
36, b, 13, 94
47, t, 58, 18
50, H, 26, 86
63, O, 95, 82
19, z, 41, 86
89, h, 75, 55
7, K, 78, 37
100, j, 25, 92
20, H, 88, 79
83, o, 2, 64
93, F, 87, 68
60, z, 16, 70
91, P, 7, 27
84, W, 12, 64
44, D, 55, 23
22, C, 13, 87
11, l, 69, 24
79, K, 57, 78
0, Y, 0, 70
65, v, 41, 47
9, i, 96, 73
30, o, 34, 16
7, q, 62, 50
71, k, 4, 3
4, H, 65, 40
7, d, 25, 67
90, j, 41, 25
8, B, 3, 87
56, X, 48, 49
22, w, 61, 45
64, x, 35, 65
58, X, 69, 9
86, l, 55, 70
20, w, 36, 34
39, R, 48, 56
41, S, 82, 24
8, n, 26, 78
52, X, 40, 79
61, A, 56, 34
60, Y, 44, 68
86, Q, 49, 74
100, L, 50, 23
82, T, 56, 45
95, r, 84, 7
10, h, 12, 82
26, f, 11, 64
74, K, 89, 34
3, y, 72, 1
44, q, 13, 28
4, x, 45, 47
75, u, 13, 17
11, q, 18, 90
31, Y, 98, 22
2, Y, 87, 39
33, C, 94, 20
5, d, 24, 74
46, D, 7, 50
53, Q, 75, 8
99, T, 85, 93
64, X, 69, 93
94, J, 19, 21
50, j, 62, 64
45, d, 98, 66
90, o, 51, 74
71, l, 82, 45
9, w, 68, 22
24, n, 83, 15
47, y, 90, 90
25, C, 72, 57
41, B, 21, 90
96, O, 76, 52
17, P, 16, 93
99, z, 39, 19
28, H, 92, 97
88, J, 14, 2
89, S, 73, 56
72, q, 90, 73
89, Y, 100, 11
67, k, 93, 22
6, F, 77, 68
82, f, 44, 19
33, G, 28, 22
82, k, 37, 92
62, O, 98, 11
10, u, 29, 45
74, S, 32, 56
53, V, 40, 77
90, w, 60, 75
53, l, 47, 85
6, S, 6, 41
94, J, 70, 31
71, i, 67, 87
24, h, 10, 75
84, Y, 74, 61
17, s, 82, 74
63, F, 10, 31
77, s, 47, 68
22, y, 23, 84
99, J, 83, 49
26, o, 93, 44
94, g, 66, 1
6, L, 2, 31
71, t, 86, 36
54, Y, 6, 83
91, y, 13, 9
48, T, 75, 30
79, u, 62, 97
3, b, 63, 26
64, f, 78, 35
67, x, 84, 49
6, f, 73, 51
41, L, 86, 17
53, v, 90, 96
81, E, 91, 57
54, D, 14, 37
25, g, 91, 72
24, s, 78, 1
17, e, 11, 78
62, r, 10, 80
60, s, 43, 53
10, q, 19, 87
7, C, 87, 79
66, E, 9, 7
0, m, 70, 17
38, g, 25, 73
96, R, 23, 64
70, p, 50, 78
72, a, 28, 69
58, X, 19, 80
8, L, 88, 40
54, K, 79, 69
60, T, 61, 31
24, y, 21, 34
30, l, 13, 65
32, T, 32, 46
28, r, 65, 34
1, U, 2, 37
83, q, 14, 96
86, s, 35, 12
13, B, 81, 61
40, R, 82, 25
39, J, 98, 16
2, v, 2, 12
31, j, 16, 26
77, A, 89, 5
83, R, 51, 88
10, g, 0, 21
95, U, 37, 90
0, K, 62, 25
18, z, 60, 86
96, G, 16, 25
0, V, 33, 69
59, l, 14, 66
1, F, 96, 75
95, r, 15, 48
20, T, 8, 43
40, M, 48, 57
87, q, 54, 3
15, I, 20, 63
16, A, 4, 75
9, B, 49, 82
2, y, 8, 57
39, E, 99, 99
22, G, 51, 48
69, S, 54, 66
5, y, 63, 47
10, w, 93, 80
22, I, 51, 63
1, z, 31, 93
60, m, 8, 24
81, v, 43, 37
40, M, 25, 66
17, h, 86, 40
72, N, 42, 28
41, W, 80, 70
0, n, 77, 82
60, N, 26, 15
64, O, 80, 54
95, A, 51, 80
26, W, 19, 60
62, o, 62, 24
95, b, 11, 27
100, z, 5, 85
85, i, 67, 86
45, W, 50, 36
100, X, 80, 28
47, B, 41, 60
80, J, 56, 98
4, c, 37, 69
37, X, 11, 4
28, O, 84, 62
9, u, 95, 74
39, A, 88, 2
16, z, 23, 93
59, r, 39, 93
6, R, 65, 87
19, f, 7, 35
36, n, 97, 81
15, t, 50, 11
20, A, 22, 49
48, v, 87, 29
72, O, 11, 33
16, E, 31, 16
39, c, 19, 29
36, W, 81, 42
64, Q, 12, 6
46, i, 29, 72
52, L, 19, 88
19, Y, 31, 51
90, l, 8, 1
52, s, 6, 36
81, i, 72, 16
93, n, 16, 24
17, D, 57, 93
87, p, 93, 46
52, E, 13, 24
48, h, 79, 89
92, V, 80, 27
85, s, 24, 6
65, V, 37, 91
45, g, 68, 5
31, o, 81, 85
60, f, 66, 91
71, Y, 46, 48
21, R, 33, 45
95, w, 80, 42
90, j, 35, 8
0, B, 7, 5
4, L, 28, 76
49, B, 18, 98
24, s, 28, 89
18, i, 51, 49
94, P, 37, 1
43, f, 79, 41
86, i, 83, 90
72, C, 15, 82
38, j, 80, 73
56, f, 38, 31
31, I, 72, 16
21, t, 70, 97
78, l, 86, 62
68, R, 32, 97
5, v, 79, 53
14, R, 61, 0
83, D, 2, 57
84, E, 17, 48
85, C, 40, 4
37, Q, 72, 90
41, Y, 95, 8
92, o, 93, 56
82, s, 11, 86
45, T, 57, 82
61, b, 59, 58
27, R, 28, 65
90, i, 13, 54
98, X, 77, 41
6, d, 59, 4
90, S, 59, 62
60, I, 65, 71
91, L, 1, 90
33, X, 77, 30
65, j, 4, 70
65, o, 11, 16
71, j, 0, 20
5, I, 44, 27
55, Y, 13, 76
69, J, 10, 64
66, i, 96, 30
69, o, 54, 30
14, I, 3, 28
94, V, 65, 11
12, Y, 65, 70
0, W, 11, 40
20, z, 64, 52
87, K, 44, 17
88, e, 32, 34
41, a, 52, 35
61, m, 26, 22
4, R, 37, 85
52, U, 10, 79
82, C, 3, 40
25, f, 37, 43
8, o, 66, 59
56, y, 22, 88
62, t, 54, 60
53, k, 65, 42
29, R, 0, 13
31, N, 33, 42
67, P, 68, 44
39, H, 14, 13
36, k, 70, 97
16, b, 83, 1
8, p, 42, 49
22, j, 23, 10
100, I, 28, 37
59, b, 52, 3
33, t, 75, 24
25, R, 87, 33
85, B, 54, 40
57, v, 42, 69
39, e, 12, 14
91, o, 54, 5
93, A, 37, 32
77, i, 33, 6
70, e, 24, 35
55, R, 36, 91
94, v, 62, 94
47, s, 31, 69
58, L, 18, 25
94, w, 3, 64
77, F, 65, 93
87, n, 81, 78
29, j, 29, 82
10, p, 18, 27
53, z, 2, 57
92, u, 24, 77
5, i, 84, 61
37, W, 93, 27
65, g, 0, 69
78, h, 22, 34
35, c, 87, 7
97, P, 68, 45
99, c, 61, 42
5, o, 7, 60
39, e, 15, 35
48, g, 93, 59
24, V, 86, 7
40, v, 97, 100
46, O, 86, 71
80, b, 79, 53
58, M, 22, 78
26, z, 69, 94
63, y, 7, 17
89, t, 5, 90
97, G, 47, 52
74, i, 74, 4
49, m, 86, 61
82, s, 77, 14
49, Y, 98, 90
12, r, 7, 82
65, Z, 65, 27
44, v, 84, 42
13, w, 10, 22
44, j, 15, 8
22, N, 52, 64
37, s, 13, 90
21, f, 93, 35
8, y, 2, 3
76, Y, 30, 79
12, N, 31, 90
73, U, 68, 60
80, m, 79, 35
88, u, 29, 59
44, m, 33, 45
25, N, 61, 76
8, Y, 16, 21
62, F, 22, 15
30, F, 53, 98
87, N, 75, 96
50, X, 43, 58
81, Z, 88, 8
9, n, 73, 98
48, k, 48, 27
99, e, 63, 88
68, L, 50, 1
64, f, 51, 44
73, u, 59, 18
48, D, 34, 47
26, u, 22, 38
47, M, 59, 100
40, M, 43, 16
4, I, 41, 20
23, L, 40, 19
29, I, 80, 57
42, N, 99, 100
61, e, 50, 65
90, a, 28, 71
66, C, 24, 88
36, g, 54, 16
39, J, 58, 69
48, n, 39, 35
9, G, 50, 39
42, P, 6, 39
38, l, 16, 90
9, r, 43, 35
38, Y, 29, 100
93, Y, 22, 20
74, n, 52, 6
8, b, 57, 4
35, K, 63, 18
66, x, 97, 44
40, J, 9, 85
10, B, 51, 54
100, T, 95, 20
25, Y, 11, 64
34, x, 50, 19
59, H, 48, 67
93, u, 75, 83
97, a, 84, 93
44, a, 91, 69
95, C, 78, 64
21, J, 64, 37
49, m, 64, 81
66, e, 47, 12
67, n, 6, 25
5, G, 10, 71
81, c, 81, 21
29, S, 32, 90
66, X, 34, 67
95, s, 74, 97
46, K, 27, 57
61, o, 39, 33
39, p, 88, 72
91, g, 6, 14
70, D, 60, 35
100, M, 26, 56
43, u, 35, 76
84, s, 48, 6
47, q, 81, 96
25, F, 33, 96
22, C, 72, 36
94, F, 26, 90
83, H, 12, 91
8, q, 82, 71
72, L, 42, 5
27, k, 1, 0
84, u, 39, 86
33, Q, 50, 87
82, N, 5, 27
25, l, 7, 12
13, F, 36, 43
21, S, 33, 63
14, k, 42, 54
4, h, 18, 0
30, B, 41, 17
7, x, 26, 15
33, W, 10, 15
82, y, 42, 52
10, E, 19, 16
97, V, 43, 83
22, k, 65, 5
63, H, 41, 89
24, C, 55, 79
99, b, 64, 10
84, E, 61, 38
72, e, 81, 12
71, H, 83, 17
1, Y, 63, 87
81, W, 88, 31
63, o, 13, 2
57, g, 71, 4
95, t, 46, 7
48, J, 76, 39
16, N, 18, 74
79, b, 12, 34
46, M, 58, 39
28, j, 2, 39
53, k, 50, 36
70, y, 100, 51
65, r, 94, 5
73, d, 61, 0
80, o, 48, 15
42, E, 14, 32
32, a, 36, 1
46, h, 11, 32
34, s, 34, 32
28, Y, 44, 40
86, X, 74, 75
11, J, 50, 83
43, X, 80, 63
88, x, 31, 10
88, g, 48, 99
72, l, 23, 87
91, n, 3, 17
73, G, 69, 17
91, l, 54, 30
6, x, 97, 38
42, a, 77, 44
84, i, 67, 66
11, A, 6, 1
33, w, 26, 61
41, o, 46, 45
40, O, 26, 17
82, P, 100, 19
28, i, 50, 27
79, x, 4, 56
20, L, 1, 73
44, b, 29, 46
20, S, 95, 52
65, W, 8, 10
50, Q, 20, 12
61, V, 74, 51
35, z, 85, 34
29, s, 96, 9
51, E, 1, 41
85, m, 86, 45
65, a, 97, 90
60, m, 40, 49
28, Y, 50, 48
85, H, 8, 5
30, X, 100, 59
27, b, 5, 12
6, Y, 84, 74
71, l, 91, 26
55, J, 83, 64
94, k, 84, 67
94, E, 90, 33
48, h, 0, 83
84, H, 52, 94
95, M, 67, 54
58, e, 76, 68
85, X, 26, 76
91, W, 34, 19
63, k, 5, 50
71, s, 56, 65
67, B, 19, 27
67, A, 43, 89
37, B, 67, 19
89, w, 100, 51
45, v, 74, 47
46, D, 64, 86
48, W, 59, 44
2, f, 64, 99
84, W, 36, 47
43, v, 62, 43
26, Q, 56, 74
79, i, 31, 14
1, g, 9, 39
26, s, 81, 62
12, b, 93, 67
11, Y, 20, 79
15, x, 81, 27
53, l, 66, 76
23, E, 12, 63
28, n, 98, 64
93, f, 34, 0
76, Z, 60, 24
59, u, 23, 90
45, I, 84, 72
50, e, 20, 30
7, O, 5, 78
13, Z, 100, 95
11, Q, 52, 8
74, T, 64, 61
6, P, 75, 58
22, n, 79, 28
1, n, 20, 16
53, f, 68, 92
1, X, 20, 85
12, R, 78, 75
54, u, 29, 97
16, r, 23, 98
18, u, 74, 65
94, U, 19, 19
24, w, 97, 98
73, R, 64, 92
22, F, 97, 59
18, H, 51, 0
61, S, 59, 73
44, f, 82, 79
50, j, 93, 76
47, N, 77, 80
48, Z, 4, 14
81, z, 29, 75
16, t, 95, 24
43, A, 54, 67
27, D, 37, 88
4, E, 10, 20
60, t, 86, 35
32, O, 98, 77
59, C, 31, 81
35, X, 30, 41
75, f, 6, 24
22, O, 0, 96
9, v, 85, 12
84, l, 23, 81
84, E, 34, 10
33, M, 87, 39
57, m, 11, 81
61, u, 28, 59
98, t, 82, 70
74, G, 44, 45
16, E, 8, 23
51, W, 47, 4
1, U, 29, 39
87, A, 41, 15
71, Q, 76, 29
87, j, 1, 1
53, v, 12, 0
85, T, 8, 0
3, y, 2, 44
55, e, 56, 23
74, k, 88, 4
98, z, 67, 31
63, Q, 84, 54
52, B, 26, 84
50, n, 42, 53
59, y, 32, 90
87, m, 44, 82
20, M, 5, 4
61, T, 8, 43
36, U, 63, 72
82, k, 59, 77
61, n, 29, 65
57, B, 36, 19
90, K, 77, 27
73, p, 77, 36
46, g, 71, 91
90, I, 45, 50
69, e, 53, 30
60, H, 30, 79
13, j, 59, 14
93, Z, 76, 55
32, B, 80, 60
73, F, 26, 81
82, J, 55, 30
48, P, 46, 92
30, p, 64, 74
94, M, 71, 57
47, g, 58, 53
61, R, 51, 72
98, A, 87, 37
3, B, 22, 46
19, L, 65, 30
76, A, 71, 90
45, w, 79, 9
24, A, 52, 10
42, v, 46, 100
20, X, 61, 15
89, v, 90, 87
29, G, 43, 98
35, P, 52, 80
47, t, 42, 62
18, W, 45, 40
20, q, 54, 85
6, m, 35, 44
16, m, 44, 31
80, q, 65, 41
94, n, 10, 26
48, V, 40, 8
72, m, 88, 32
69, v, 35, 21
10, g, 7, 76
87, z, 27, 92
95, w, 9, 82
74, i, 23, 57
86, C, 61, 61
75, T, 1, 3
2, h, 30, 58
33, m, 11, 95
22, F, 24, 100
59, c, 36, 0
0, j, 11, 92
28, q, 52, 48
30, h, 43, 46
99, m, 70, 39
20, N, 86, 91
39, U, 77, 42
84, L, 71, 8
15, f, 9, 26
57, q, 21, 32
34, E, 72, 1
72, l, 78, 17
60, g, 5, 52
49, P, 99, 91
37, S, 40, 57
13, N, 48, 24
61, q, 42, 92
51, p, 30, 55
45, g, 54, 52
48, j, 60, 51
7, N, 97, 38
21, s, 42, 6
33, F, 12, 94
37, a, 54, 29
90, b, 42, 68
1, B, 24, 22
63, b, 67, 61
20, Y, 100, 64
89, v, 89, 6
20, v, 22, 20
59, n, 10, 11
16, S, 49, 97
66, h, 5, 29
51, o, 89, 31
56, c, 89, 93
31, Q, 97, 48
62, g, 25, 18
45, M, 60, 49
23, K, 59, 7
39, Z, 49, 44
86, y, 61, 50
0, Y, 27, 94
49, y, 54, 41
41, i, 19, 3
75, q, 39, 75
33, H, 66, 75
45, T, 55, 63
3, i, 32, 90
19, g, 62, 57
4, v, 57, 47
41, y, 44, 56
28, W, 6, 6
18, s, 75, 97
36, F, 35, 55
63, e, 46, 19
66, d, 97, 42
43, p, 96, 5
29, Z, 76, 40
94, W, 58, 6
97, V, 80, 0
53, L, 63, 87
4, z, 90, 12
35, p, 22, 40
48, X, 18, 39
92, t, 37, 74
64, g, 64, 6
42, M, 98, 58
65, a, 13, 49
94, i, 77, 12
95, D, 50, 78
33, r, 3, 91
74, Q, 27, 46
32, r, 51, 21
0, I, 53, 27
88, t, 82, 32
56, C, 27, 18
77, u, 51, 8
99, Y, 24, 88
67, m, 35, 69
29, K, 29, 97
60, G, 41, 87
57, t, 74, 62
6, Y, 32, 77
33, j, 12, 3
77, h, 95, 42
12, n, 84, 36
79, X, 63, 97
31, t, 89, 39
50, T, 19, 86
26, Y, 29, 15
59, W, 50, 37
85, S, 36, 74
86, W, 42, 29
75, C, 19, 51
70, T, 84, 43
17, d, 93, 9
28, q, 55, 62
15, Q, 22, 27
100, J, 0, 66
38, F, 13, 4
96, p, 20, 45
81, a, 13, 30
29, O, 33, 88
94, G, 89, 14
25, d, 59, 91
14, k, 85, 78
76, P, 12, 85
62, i, 95, 96
77, i, 45, 4
18, x, 58, 72
17, g, 28, 23
98, a, 89, 98
2, Y, 82, 62
94, J, 3, 25
28, W, 44, 75
61, X, 90, 43
64, g, 57, 86
77, a, 38, 57
23, y, 82, 0
57, a, 26, 15
18, G, 13, 42
39, L, 100, 80
51, Q, 31, 76
25, Z, 99, 8
71, s, 84, 11
95, p, 4, 20
7, B, 16, 53
4, K, 45, 68
28, o, 12, 32
17, M, 19, 26
33, I, 43, 1
19, B, 98, 63
40, I, 92, 73
72, n, 19, 46
51, q, 83, 89
63, e, 93, 74
52, J, 49, 74
42, B, 86, 39
3, B, 5, 22
51, L, 46, 98
38, L, 4, 8
55, u, 1, 53
20, b, 46, 24
52, E, 64, 92
85, N, 69, 23
37, p, 77, 64
87, W, 12, 24
90, F, 56, 11
85, S, 72, 96
8, r, 31, 70
68, K, 8, 94
76, z, 62, 92
51, i, 85, 67
34, l, 26, 85
65, c, 37, 12
5, R, 99, 55
48, I, 38, 39
66, u, 29, 42
85, M, 47, 46
23, d, 55, 8
64, w, 25, 17
66, g, 6, 18
45, y, 45, 33
98, m, 65, 62
20, O, 55, 21
57, D, 4, 37
51, p, 37, 23
51, z, 23, 87
30, a, 62, 20
8, U, 99, 45
23, R, 54, 84
23, t, 26, 48
18, k, 3, 89
49, b, 38, 81
62, d, 32, 87
54, O, 84, 92
80, c, 87, 20
83, m, 33, 96
97, W, 21, 62
22, y, 44, 40
35, n, 95, 30
21, m, 8, 59
100, X, 73, 6
69, u, 52, 94
43, m, 99, 23
48, s, 21, 41
60, w, 60, 28
23, C, 45, 57
95, I, 17, 48
89, o, 74, 66
85, C, 31, 90
34, h, 78, 97
29, g, 43, 92
22, K, 69, 84
75, R, 11, 15
80, Y, 52, 54
22, s, 8, 96
87, Y, 21, 47
16, c, 94, 89
15, Y, 64, 26
24, r, 27, 56
5, V, 18, 21
52, t, 11, 45
99, o, 15, 28
39, s, 25, 98
75, X, 99, 7
89, a, 73, 4
91, A, 60, 51
0, S, 20, 76
49, S, 3, 18
14, F, 48, 69
95, u, 93, 89
54, V, 71, 50
14, x, 0, 14
90, g, 96, 71
76, z, 69, 93
90, d, 97, 60
56, g, 43, 85
48, E, 12, 17
99, m, 14, 5
23, L, 74, 93
95, k, 52, 7
100, P, 59, 5
99, e, 87, 47
6, U, 32, 62
12, r, 8, 55
7, X, 79, 33
27, G, 54, 86
75, p, 46, 1
46, M, 27, 21
64, J, 3, 28
70, f, 17, 31
30, J, 46, 28
41, S, 49, 67
56, y, 28, 87
0, i, 90, 59
0, G, 9, 14
64, d, 8, 22
65, e, 73, 28
89, k, 78, 84
25, h, 33, 64
3, D, 36, 35
62, H, 26, 83
79, C, 100, 37
79, k, 63, 75
8, f, 82, 18
72, m, 21, 72
36, B, 100, 30
82, M, 97, 46
57, D, 48, 94
80, G, 26, 98
56, R, 67, 76
7, G, 90, 78
33, P, 43, 76
20, A, 75, 1
52, E, 86, 71
3, t, 8, 37
99, k, 20, 8
28, N, 61, 73
53, s, 33, 84
18, m, 9, 8
41, t, 43, 36
14, J, 13, 8
72, T, 99, 99
97, H, 41, 60
17, h, 59, 15
5, L, 86, 44
28, t, 53, 60
92, C, 25, 87
81, T, 44, 100
17, e, 27, 22
17, L, 14, 38
56, z, 55, 90
3, b, 48, 39
74, R, 78, 38
40, D, 69, 46
84, z, 77, 56
69, C, 76, 74
34, j, 87, 27
58, m, 76, 61
65, K, 52, 73
5, H, 94, 39
39, D, 97, 44
82, r, 69, 63
39, N, 48, 91
19, n, 44, 22
22, R, 66, 47
86, o, 34, 40
86, u, 15, 6
55, V, 1, 59
22, v, 24, 29
82, d, 34, 16
30, D, 80, 11
48, b, 24, 46
69, Y, 43, 3
32, I, 36, 45
28, e, 15, 36
4, Q, 21, 87
64, V, 56, 45
32, B, 52, 59
82, U, 52, 72
35, N, 7, 96
45, O, 74, 73
73, l, 10, 15
3, H, 93, 91
65, e, 93, 66
23, V, 47, 22
71, n, 26, 49
13, n, 53, 10
69, s, 21, 89
45, x, 78, 49
79, s, 3, 23
96, j, 26, 90
40, d, 74, 21
28, D, 90, 29
53, N, 53, 4
82, A, 53, 69
83, y, 1, 55
75, v, 40, 48
58, F, 97, 74
83, T, 86, 55
98, Q, 92, 64
41, L, 87, 73
47, E, 95, 8
65, e, 23, 64
32, j, 58, 82
68, K, 48, 78
70, W, 72, 9
57, K, 36, 66
29, z, 8, 52
87, d, 11, 50
26, U, 87, 34
15, z, 88, 25
80, e, 73, 9
81, V, 44, 60
20, l, 41, 46
1, I, 22, 33
24, M, 99, 14
65, P, 92, 11
0, N, 49, 54
18, X, 75, 49
27, z, 0, 62
18, B, 64, 7
4, n, 0, 51
26, V, 10, 9
99, j, 37, 96
59, p, 76, 45
1, s, 70, 70
12, c, 88, 33
77, D, 19, 26
99, j, 17, 6
30, J, 35, 98
57, i, 75, 96
92, N, 88, 74
83, Q, 77, 6
27, F, 6, 58
81, h, 49, 33
70, F, 15, 24
8, E, 58, 97
33, s, 94, 38
24, S, 11, 100
28, c, 39, 32
6, a, 95, 99
34, O, 69, 88
6, O, 21, 35
91, R, 80, 52
43, o, 61, 85
67, c, 100, 99
54, o, 66, 82
35, h, 52, 73
67, K, 71, 73
72, q, 10, 70
18, h, 22, 3
83, g, 88, 94
85, d, 24, 56
74, r, 81, 17
19, C, 87, 83
32, X, 58, 35
20, d, 38, 56
98, a, 51, 85
85, f, 34, 37
76, M, 9, 87
11, e, 100, 70
45, j, 22, 35
53, n, 46, 35
39, u, 70, 61
86, h, 35, 7
77, m, 47, 16
74, D, 13, 1
98, y, 43, 1
24, B, 33, 7
45, U, 45, 87
71, q, 89, 15
5, p, 1, 80
15, d, 50, 62
43, h, 17, 77
48, M, 8, 62
3, X, 39, 23
42, b, 63, 51
32, Q, 43, 40
45, S, 26, 57
92, r, 25, 42
36, N, 50, 51
56, q, 39, 26
62, G, 4, 38
54, F, 77, 86
41, u, 33, 52
96, S, 64, 94
13, i, 93, 98
16, v, 78, 31
91, k, 82, 5
21, k, 24, 8
54, v, 71, 19
72, n, 33, 38
81, I, 96, 32
20, Z, 25, 91
100, g, 33, 86
44, k, 16, 11
48, v, 59, 40
50, y, 21, 50
91, a, 86, 46
50, v, 20, 18
91, x, 20, 1
19, f, 82, 86
92, K, 34, 13
82, W, 59, 10
3, A, 66, 7
83, f, 92, 62
52, N, 60, 28
67, v, 51, 21
20, M, 72, 79
68, J, 26, 10
81, e, 31, 85
96, g, 22, 15
53, O, 31, 10
44, M, 77, 64
19, f, 60, 43
21, M, 2, 8
48, q, 81, 62
53, o, 22, 93
58, N, 37, 77
25, N, 27, 98
58, Z, 87, 28
52, j, 53, 72
81, N, 26, 66
47, T, 25, 18
4, j, 3, 11
79, q, 43, 26
87, L, 60, 84
13, O, 26, 0
49, L, 30, 86
4, w, 96, 31
31, H, 85, 17
52, D, 80, 2
22, W, 95, 92
73, Q, 80, 48
96, j, 70, 81
32, h, 4, 13
82, j, 67, 84
2, q, 75, 92
55, M, 60, 12
78, W, 41, 23
39, C, 68, 30
61, l, 71, 2
91, m, 75, 27
46, O, 42, 85
69, G, 84, 48
57, c, 55, 53
87, U, 13, 75
1, B, 48, 17
9, e, 50, 9
96, n, 36, 74
34, u, 20, 81
27, l, 75, 41
31, B, 3, 6
67, R, 97, 21
6, Q, 73, 52
54, M, 14, 2
24, S, 100, 55
7, y, 18, 45
54, W, 24, 98
42, d, 72, 3
24, o, 91, 80
94, n, 88, 43
56, J, 87, 57
82, o, 21, 43
9, L, 55, 85
84, w, 25, 10
8, T, 42, 44
54, I, 97, 59
48, Z, 59, 74
65, x, 42, 100
30, U, 85, 18
57, B, 19, 36
3, z, 31, 29
87, X, 30, 98
24, B, 37, 60
74, y, 52, 30
30, S, 32, 16
96, j, 70, 63
69, M, 91, 21
81, e, 2, 3
81, x, 61, 70
46, L, 96, 73
95, e, 75, 41
50, F, 90, 37
88, E, 39, 33
31, d, 21, 13
10, U, 68, 34
39, m, 9, 86
32, T, 17, 54
95, L, 90, 55
25, y, 34, 93
59, N, 98, 43
45, O, 24, 18
87, L, 94, 15
31, S, 85, 75
64, U, 43, 22
80, X, 89, 12
36, q, 27, 28
78, D, 55, 32
100, j, 68, 18
23, y, 83, 3
63, B, 49, 18
22, P, 38, 51
100, t, 40, 30
2, Y, 87, 29
82, V, 92, 31
44, S, 82, 76
6, C, 44, 15
44, z, 45, 34
66, K, 67, 65
18, m, 58, 31
15, j, 66, 43
61, r, 74, 92
86, N, 9, 45
12, c, 76, 26
83, A, 26, 63
28, M, 99, 7
75, H, 100, 55
1, J, 36, 24
23, v, 59, 96
65, E, 22, 39
52, u, 45, 28
60, y, 22, 99
1, E, 25, 73
97, r, 2, 81
98, l, 61, 91
82, C, 18, 23
3, m, 13, 69
100, Q, 16, 90
98, X, 50, 3
39, P, 65, 13
1, s, 22, 50
35, p, 71, 1
36, M, 38, 95
65, h, 23, 71
60, o, 40, 9
33, z, 2, 95
64, a, 9, 41
91, i, 52, 59
0, c, 37, 43
29, M, 40, 24
60, C, 39, 34
35, d, 69, 26
57, J, 49, 75
4, n, 13, 44
44, a, 78, 17
84, Z, 27, 74
96, N, 70, 70
59, M, 24, 14
80, X, 47, 90
59, z, 8, 10
81, v, 47, 36
43, U, 52, 2
50, G, 12, 79
42, L, 48, 69
64, R, 66, 3
74, I, 24, 95
11, g, 51, 40
87, v, 31, 32
65, m, 84, 65
47, A, 100, 32
6, z, 40, 51
31, t, 56, 94
52, j, 32, 54
31, q, 6, 94
44, U, 55, 37
70, s, 15, 80
26, h, 80, 81
55, I, 72, 81
32, f, 67, 21
86, r, 95, 39
44, o, 69, 43
75, g, 27, 100
62, p, 16, 82
0, K, 55, 17
41, S, 41, 41
92, J, 47, 9
56, B, 26, 84
49, m, 28, 87
86, h, 31, 60
31, S, 85, 36
90, o, 97, 43
36, M, 33, 22
98, F, 84, 20
21, W, 2, 54
37, n, 24, 86
28, s, 19, 97
45, c, 56, 79
33, b, 5, 34
32, h, 27, 16
78, s, 42, 61
70, T, 67, 50
66, H, 77, 15
6, o, 34, 27
37, n, 80, 69
0, G, 44, 86
93, Y, 29, 0
68, s, 68, 20
79, b, 94, 100
40, D, 19, 50
59, O, 93, 19
68, m, 54, 51
94, R, 50, 89
80, A, 15, 34
69, d, 7, 8
5, O, 10, 64
66, V, 8, 3
62, y, 15, 21
1, I, 93, 42
94, H, 90, 5
67, l, 78, 2
47, e, 9, 3
6, m, 17, 20
53, f, 28, 68
63, t, 49, 81
59, s, 42, 60
95, J, 2, 92
22, T, 26, 68
94, p, 81, 15
71, X, 62, 13
5, c, 28, 51
4, K, 93, 12
1, R, 99, 22
52, m, 79, 47
1, I, 84, 53
87, X, 12, 62
39, B, 79, 80
30, s, 87, 28
54, a, 18, 5
0, N, 10, 29
58, Y, 59, 75
8, w, 53, 93
7, w, 74, 60
79, S, 74, 97
43, u, 25, 15
56, L, 19, 8
37, J, 78, 30
85, q, 64, 29
37, W, 41, 81
55, Y, 94, 10
42, Q, 3, 13
81, J, 13, 95
93, p, 37, 68
36, j, 10, 37
75, F, 65, 25
42, z, 30, 36
77, i, 94, 1
60, M, 64, 91
72, Z, 19, 18
34, E, 31, 77
45, M, 51, 41
52, f, 52, 12
95, a, 80, 16
84, Z, 25, 21
34, N, 14, 13
19, V, 64, 39
62, c, 88, 27
6, b, 8, 6
35, P, 71, 50
29, X, 17, 40
75, C, 13, 50
91, b, 6, 34
46, p, 30, 52
32, n, 53, 17
8, A, 12, 99
11, M, 12, 19
42, p, 67, 43
26, x, 36, 25
56, Y, 59, 37
84, D, 97, 39
59, u, 33, 48
69, J, 50, 33
72, t, 95, 47
8, p, 0, 58
55, j, 3, 26
49, e, 78, 36
59, w, 99, 22
31, X, 9, 41
23, j, 57, 73
78, t, 3, 72
85, n, 32, 54
36, P, 0, 68
97, Y, 56, 68
22, A, 70, 16
57, U, 10, 59
51, F, 15, 1
96, E, 83, 11
31, H, 19, 1
49, Y, 16, 19
65, M, 31, 76
53, Q, 52, 89
36, m, 83, 42
70, F, 25, 75
63, o, 86, 68
33, S, 68, 6
24, b, 45, 60
53, i, 87, 27
58, I, 77, 55
29, P, 87, 39
25, K, 77, 19
38, j, 11, 1
59, j, 43, 51
69, I, 42, 16
97, a, 91, 54
90, A, 27, 92
80, d, 11, 59
46, Z, 12, 33
22, b, 46, 46
67, c, 37, 3
81, a, 33, 18
17, P, 98, 18
79, h, 17, 69
0, L, 45, 64
52, l, 2, 89
31, U, 86, 12
46, n, 14, 60
84, s, 36, 89
19, y, 69, 10
22, P, 84, 69
49, E, 72, 5
67, b, 76, 49
17, V, 76, 75
9, n, 90, 81
44, h, 21, 97
29, T, 13, 25
51, d, 21, 49
87, E, 59, 23
99, U, 6, 64
37, p, 45, 85
81, O, 55, 41
62, f, 20, 21
84, d, 23, 27
64, A, 7, 76
43, Z, 61, 40
91, x, 15, 19
2, y, 36, 13
86, c, 8, 42
47, z, 85, 80
36, p, 8, 84
83, n, 82, 43
47, i, 8, 93
91, d, 88, 35
94, l, 2, 38
88, z, 72, 35
18, y, 47, 91
20, u, 23, 31
54, P, 98, 3
77, Y, 97, 24
14, y, 19, 53
71, O, 32, 31
71, s, 86, 48
12, u, 33, 39
68, M, 32, 12
41, q, 17, 30
83, b, 5, 43
79, N, 41, 85
24, x, 93, 90
32, S, 83, 90
29, c, 30, 1
91, f, 74, 42
4, Z, 18, 57
19, X, 5, 26
0, b, 27, 46
22, i, 41, 41
91, G, 77, 2
97, b, 53, 36
97, s, 33, 51
71, U, 9, 82
39, J, 35, 39
28, b, 35, 98
62, z, 23, 51
88, e, 9, 50
98, C, 81, 17
77, h, 17, 42
92, K, 0, 7
29, U, 60, 90
25, u, 44, 85
58, k, 25, 34
98, n, 45, 33
99, W, 18, 83
36, C, 59, 86
6, b, 23, 98
97, u, 32, 91
92, t, 62, 85
31, u, 19, 24
73, X, 87, 67
45, O, 61, 45
2, K, 82, 53
0, j, 25, 4
4, T, 87, 19
34, R, 59, 94
54, Z, 81, 45
82, s, 47, 48
91, h, 45, 92
20, E, 10, 3
13, H, 95, 0
36, u, 72, 84
47, A, 10, 68
38, l, 49, 10
30, N, 88, 32
7, O, 51, 43
7, c, 20, 100
43, a, 52, 60
39, k, 62, 20
38, P, 58, 10
47, B, 77, 45
29, h, 66, 58
61, P, 83, 56
21, y, 86, 46
53, Z, 58, 11
24, v, 34, 100
99, V, 92, 67
1, n, 75, 91
15, p, 94, 67
57, I, 93, 28
31, a, 18, 67
15, O, 6, 71
21, l, 70, 59
5, a, 78, 24
4, W, 16, 74
80, i, 84, 44
60, u, 91, 66
35, P, 13, 59
75, o, 38, 63
73, F, 13, 31
97, L, 7, 85
42, v, 4, 6
43, Y, 10, 19
98, l, 67, 77
74, A, 51, 21
75, O, 72, 92
98, S, 24, 46
9, w, 59, 16
82, z, 20, 8
69, X, 9, 52
30, C, 77, 49
70, n, 80, 73
9, P, 65, 29
77, Y, 33, 91
74, s, 66, 50
43, g, 29, 16
56, Y, 70, 11
1, U, 19, 26
57, t, 50, 35
28, I, 68, 81
24, k, 2, 98
31, b, 6, 91
61, E, 73, 54
11, U, 78, 67
67, Y, 38, 23
81, d, 69, 51
30, W, 77, 26
84, h, 90, 11
3, q, 94, 82
11, n, 50, 82
64, G, 76, 81
68, d, 94, 52
66, w, 16, 14
83, O, 16, 63
85, s, 17, 99
100, C, 24, 77
57, O, 93, 74
43, a, 77, 57
72, A, 13, 0
18, I, 92, 64
42, d, 89, 99
72, b, 9, 74
11, x, 67, 42
11, a, 78, 67
31, b, 55, 15
83, L, 19, 38
10, l, 65, 4
95, o, 85, 64
49, q, 61, 25
24, g, 28, 1
65, Y, 71, 71
64, p, 27, 6
88, W, 22, 25
53, S, 40, 44
3, v, 69, 58
60, p, 96, 39
51, S, 17, 7
39, t, 84, 52
36, A, 37, 3
48, f, 77, 91
95, D, 92, 62
78, H, 100, 83
38, N, 1, 62
63, B, 22, 19
28, n, 18, 58
2, U, 50, 44
17, O, 17, 25
88, e, 49, 43
18, L, 33, 88
50, P, 25, 68
24, R, 80, 11
94, e, 18, 64
11, c, 91, 39
36, Z, 41, 57
23, C, 55, 34
57, l, 10, 59
86, n, 34, 11
9, z, 64, 25
12, k, 1, 78
34, g, 99, 20
11, S, 88, 31
40, c, 96, 45
79, p, 54, 31
64, y, 84, 80
88, j, 100, 31
40, H, 38, 86
33, j, 37, 61
0, A, 85, 44
42, O, 25, 97
71, H, 0, 64
65, F, 36, 22
42, a, 63, 7
91, D, 61, 61
49, M, 1, 27
5, q, 93, 92
33, n, 92, 4
37, W, 88, 1
13, g, 34, 0
83, y, 91, 39
43, X, 98, 60
30, h, 16, 57
98, c, 84, 78
7, W, 28, 59
68, D, 80, 62
55, c, 79, 85
87, A, 91, 64
60, N, 63, 15
94, W, 20, 54
5, E, 14, 56
35, D, 82, 89
78, K, 39, 2
43, Z, 41, 67
2, Y, 6, 94
2, s, 40, 3
89, e, 68, 44
11, F, 46, 71
34, z, 48, 47
24, k, 77, 56
69, l, 43, 69
37, Z, 85, 41
66, V, 46, 59
11, H, 43, 86
62, D, 19, 65
54, p, 53, 19
56, v, 70, 84
4, x, 17, 53
91, m, 34, 16
10, u, 78, 41
79, U, 73, 89
44, r, 4, 5
86, w, 55, 29
40, v, 36, 6
27, y, 4, 4
43, G, 2, 44
88, v, 62, 88
62, S, 39, 17
46, U, 48, 16
42, R, 13, 46
31, e, 62, 96
69, R, 37, 86
75, j, 0, 91
74, l, 44, 67
68, o, 75, 71
94, T, 23, 98
12, k, 74, 4
88, P, 73, 18
88, G, 49, 97
40, X, 95, 61
88, y, 67, 66
50, Z, 69, 53
15, U, 84, 62
23, V, 74, 30
95, e, 70, 59
41, N, 77, 44
9, j, 23, 41
96, c, 85, 63
81, c, 15, 26
47, A, 19, 23
38, e, 78, 70
73, R, 38, 9
4, y, 65, 66
80, d, 77, 34
29, N, 14, 84
94, H, 24, 72
47, P, 21, 26
27, Z, 40, 34
1, A, 92, 84
28, O, 84, 1
91, R, 100, 84
34, h, 77, 35
31, H, 76, 68
96, y, 40, 12
93, s, 49, 83
58, Q, 100, 87
14, X, 85, 19
20, U, 58, 58
54, f, 60, 44
37, Q, 75, 83
60, V, 93, 45
9, r, 32, 62
80, o, 86, 54
84, u, 71, 32
56, I, 44, 42
90, t, 51, 22
30, B, 94, 81
74, z, 94, 52
68, H, 35, 66
44, V, 58, 8
83, G, 60, 16
71, L, 20, 96
7, y, 72, 97
16, C, 68, 18
0, b, 58, 73
22, G, 15, 79
7, o, 68, 19
54, y, 83, 24
18, u, 78, 43
21, u, 69, 60
29, v, 23, 13
90, Q, 60, 57
54, G, 86, 12
55, J, 48, 76
32, S, 58, 67
88, m, 4, 37
15, M, 53, 44
65, x, 96, 5
37, l, 11, 90
18, u, 67, 34
53, z, 76, 37
38, h, 43, 38
93, E, 55, 45
93, n, 15, 26
31, D, 53, 12
8, j, 76, 0
61, e, 9, 89
94, Y, 50, 40
50, E, 82, 24
2, E, 98, 80
46, i, 81, 16
75, H, 38, 12
95, m, 75, 83
12, k, 72, 91
82, H, 71, 4
99, F, 1, 48
40, E, 3, 54
55, r, 14, 18
50, F, 0, 100
65, P, 53, 68
94, O, 74, 4
82, r, 83, 60
21, j, 66, 57
50, n, 12, 95
61, U, 13, 54
26, e, 81, 66
8, w, 47, 42
87, z, 21, 90
2, s, 90, 38
81, Y, 1, 16
41, v, 44, 54
36, d, 53, 14
8, i, 35, 73
4, g, 0, 70
36, E, 23, 0
52, t, 32, 74
75, O, 32, 24
39, k, 51, 10
24, K, 19, 95
64, k, 48, 47
12, h, 60, 8
91, Z, 80, 28
91, U, 69, 64
4, A, 67, 97
78, q, 10, 51
71, J, 89, 26
35, e, 27, 34
59, B, 75, 56
70, j, 74, 85
52, N, 53, 4
18, c, 7, 92
86, P, 37, 62
24, q, 65, 18
93, F, 92, 91
80, T, 85, 87
26, v, 59, 83
86, i, 14, 17
45, Y, 65, 77
40, y, 50, 3
59, n, 86, 63
42, P, 75, 82
41, i, 66, 39
40, O, 14, 44
62, I, 98, 84
99, j, 18, 40
70, U, 90, 26
86, l, 23, 70
89, M, 11, 56
92, r, 69, 69
89, p, 71, 5
33, r, 18, 85
29, h, 79, 94
76, v, 79, 86
15, N, 37, 37
20, W, 31, 60
92, y, 64, 27
96, V, 12, 87
14, h, 53, 4
51, a, 8, 58
40, w, 27, 92
39, r, 28, 87
10, s, 41, 27
62, A, 51, 87
30, C, 61, 52
47, Y, 16, 92
42, o, 92, 55
72, i, 5, 48
94, E, 86, 67
27, z, 18, 78
5, F, 58, 65
61, y, 3, 5
90, M, 68, 80
82, E, 57, 26
68, n, 5, 14
0, x, 77, 59
28, D, 15, 72
45, T, 20, 56
12, b, 97, 68
11, k, 9, 36
85, J, 100, 56
16, u, 37, 14
99, K, 63, 71
92, I, 49, 10
23, H, 54, 31
73, W, 50, 53
48, B, 93, 43
97, C, 79, 64
21, V, 97, 66
30, P, 54, 1
95, E, 77, 14
86, A, 46, 2
51, p, 29, 20
39, m, 44, 77
53, d, 68, 30
41, n, 74, 72
73, O, 53, 15
56, L, 44, 9
61, R, 28, 100
15, q, 37, 49
13, B, 94, 93
65, X, 9, 98
55, J, 40, 43
76, C, 58, 70
44, D, 17, 98
68, l, 6, 74
42, h, 9, 81
76, W, 64, 73
90, u, 35, 13
19, x, 47, 76
20, A, 6, 29
71, S, 4, 99
96, R, 66, 84
45, g, 48, 95
0, U, 26, 45
87, r, 63, 29
49, p, 77, 1
18, b, 13, 1
37, B, 10, 50
28, t, 63, 76
13, G, 97, 61
52, V, 82, 97
66, b, 90, 22
3, c, 23, 0
96, t, 33, 97
83, q, 32, 80
35, o, 49, 0
77, Y, 2, 69
27, y, 11, 47
85, C, 20, 98
53, H, 19, 18
81, P, 5, 30
13, Y, 50, 9
23, v, 70, 61
54, f, 97, 76
49, K, 24, 37
44, W, 86, 72
57, K, 34, 13
63, p, 58, 14
93, K, 70, 10
94, P, 94, 11
74, p, 88, 8
24, d, 57, 20
3, W, 20, 79
51, K, 67, 29
30, h, 65, 61
100, M, 55, 51
98, u, 71, 90
70, W, 27, 28
34, r, 21, 52
40, K, 69, 3
44, y, 20, 70
12, n, 79, 83
84, u, 20, 13
94, H, 50, 56
29, r, 25, 41
15, q, 31, 25
58, m, 37, 65
51, g, 60, 81
9, A, 43, 0
81, W, 0, 58
97, d, 24, 22
40, V, 65, 94
52, q, 82, 86
77, L, 91, 58
72, g, 23, 70
17, U, 18, 23
45, F, 43, 1
61, B, 74, 25
1, p, 59, 11
37, C, 93, 25
97, c, 99, 98
0, C, 67, 8
35, R, 63, 20
20, N, 27, 96
44, t, 62, 13
86, k, 73, 87
34, x, 86, 22
67, U, 37, 89
35, u, 30, 7
34, N, 9, 15
62, e, 94, 53
83, M, 58, 98
82, o, 52, 66
28, u, 75, 68
4, q, 28, 36
37, n, 16, 63
69, E, 17, 3
49, D, 43, 36
69, u, 4, 14
46, F, 78, 1
14, w, 71, 2
30, t, 61, 37
82, v, 64, 52
93, U, 52, 39
25, Y, 82, 31
42, l, 57, 49
28, D, 71, 28
57, p, 62, 45
53, m, 14, 60
35, H, 36, 89
57, t, 87, 66
58, S, 69, 59
20, D, 37, 18
55, X, 34, 70
17, z, 63, 87
96, j, 38, 61
89, r, 78, 93
99, p, 33, 87
21, J, 93, 42
2, M, 5, 53
37, a, 53, 68
20, l, 81, 57
21, k, 37, 70
60, I, 56, 16
68, k, 86, 90
49, L, 41, 19
81, F, 4, 2
37, y, 67, 82
7, b, 21, 18
12, k, 6, 62
28, G, 87, 81
6, l, 61, 92
71, m, 21, 89
99, x, 79, 76
62, E, 67, 5
66, e, 17, 23
83, S, 95, 50
93, w, 71, 6
35, h, 6, 45
91, n, 91, 27
90, h, 41, 26
82, M, 75, 10
47, S, 84, 12
69, o, 36, 34
19, K, 83, 5
39, e, 41, 73
60, B, 33, 25
91, Q, 45, 32
21, V, 29, 2
51, Z, 33, 8
64, R, 20, 5
94, B, 70, 36
66, x, 27, 85
73, H, 94, 82
53, O, 41, 58
40, K, 56, 95
38, S, 63, 47
3, X, 96, 38
66, I, 23, 59
36, K, 24, 32
75, c, 51, 80
73, s, 70, 44
13, C, 49, 65
67, x, 6, 33
15, N, 16, 82
14, E, 53, 27
48, o, 84, 50
82, E, 22, 79
98, t, 44, 13
38, c, 2, 46
45, i, 11, 53
82, w, 33, 11
52, T, 36, 63
35, L, 15, 41
59, d, 92, 90
41, f, 30, 88
91, H, 32, 60
78, L, 20, 9
15, G, 67, 93
69, B, 0, 88
92, r, 16, 3
71, Y, 21, 53
3, j, 50, 82
4, t, 13, 28
45, d, 53, 88
96, l, 5, 45
88, g, 23, 99
33, k, 99, 66
29, n, 90, 74
44, S, 72, 96
88, j, 26, 33
93, U, 53, 90
62, x, 6, 40
50, d, 78, 18
84, Y, 73, 16
91, E, 78, 15
5, Q, 33, 16
5, M, 17, 55
78, x, 80, 15
32, r, 90, 82
55, p, 42, 69
98, w, 71, 74
38, L, 20, 19
36, r, 53, 91
20, s, 92, 11
2, W, 81, 12
75, b, 5, 36
3, E, 84, 24
74, e, 92, 99
58, K, 1, 23
68, B, 29, 65
64, p, 54, 17
73, f, 22, 43
16, c, 32, 54
43, N, 87, 84
5, c, 36, 6
45, V, 99, 27
18, I, 71, 81
49, k, 9, 47
47, j, 99, 75
81, i, 27, 77
93, h, 28, 30
74, I, 11, 14
68, x, 81, 9
63, S, 39, 49
50, n, 93, 45
79, x, 36, 43
29, J, 56, 12
81, P, 34, 74
24, X, 78, 73
79, J, 88, 68
76, C, 33, 27
2, a, 99, 69
50, A, 63, 79
25, M, 23, 74
39, G, 89, 84
18, c, 86, 1
64, E, 21, 97
47, X, 75, 19
29, Y, 88, 96
0, P, 63, 72
94, S, 62, 37
21, f, 91, 83
19, N, 6, 49
59, S, 27, 44
0, d, 3, 79
59, T, 51, 82
85, m, 28, 81
18, R, 25, 80
75, H, 77, 8
38, n, 50, 76
6, X, 67, 92
93, A, 12, 98
53, Q, 93, 78
35, i, 56, 71
81, T, 26, 57
48, C, 0, 51
59, f, 5, 57
55, f, 64, 15
43, E, 34, 77
69, k, 61, 60
60, K, 12, 60
32, D, 23, 95
65, h, 17, 83
54, R, 13, 19
98, a, 83, 83
2, p, 37, 16
75, A, 49, 24
77, v, 0, 72
48, Y, 5, 65
59, p, 17, 56
46, K, 27, 83
21, p, 92, 12
27, O, 26, 1
26, M, 95, 19
63, E, 68, 81
26, V, 26, 71
18, A, 48, 59
52, T, 1, 38
36, o, 90, 64
67, i, 36, 25
11, r, 40, 4
94, j, 74, 2
39, L, 71, 83
68, B, 69, 71
24, g, 61, 89
20, q, 0, 92
57, N, 14, 35
84, K, 34, 65
17, S, 0, 5
19, I, 94, 9
92, S, 14, 43
99, R, 35, 53
60, r, 93, 24
8, P, 74, 50
25, W, 95, 45
46, O, 29, 46
46, t, 41, 41
73, R, 31, 11
57, G, 5, 49
62, i, 68, 59
29, E, 79, 87
40, C, 50, 87
13, K, 62, 83
25, Z, 27, 14
81, T, 45, 14
22, i, 58, 39
71, s, 54, 40
37, n, 49, 20
25, d, 91, 73
77, h, 53, 26
84, J, 7, 56
89, F, 12, 47
100, i, 0, 4
35, Z, 43, 95
95, a, 34, 90
12, D, 5, 12
96, N, 52, 6
10, J, 84, 61
97, v, 61, 50
4, W, 76, 89
98, Z, 31, 53
99, j, 83, 27
44, a, 56, 71
61, x, 50, 95
22, O, 68, 7
93, j, 41, 96
24, v, 1, 23
8, W, 88, 76
10, u, 83, 65
100, v, 69, 19
21, y, 0, 92
0, d, 56, 22
100, J, 54, 55
59, F, 10, 43
54, c, 94, 83
12, r, 1, 65
0, a, 33, 94
65, E, 99, 69
67, n, 20, 8
41, S, 57, 23
97, w, 98, 58
17, J, 20, 84
30, V, 25, 88
49, u, 68, 20
15, x, 75, 64
87, h, 96, 6
97, D, 27, 74
5, F, 43, 90
99, D, 54, 69
80, a, 86, 51
16, O, 70, 83
5, A, 76, 27
27, K, 86, 9
48, v, 43, 0
69, K, 18, 71
61, S, 64, 84
7, x, 90, 64
68, k, 83, 55
90, p, 74, 83
58, I, 13, 76
99, T, 8, 45
87, q, 26, 25
64, Y, 8, 79
98, U, 4, 4
3, y, 79, 84
83, y, 15, 55
59, c, 61, 70
22, W, 51, 94
82, c, 19, 80
89, w, 4, 24
23, o, 90, 59
84, j, 33, 96
28, G, 23, 81
75, S, 81, 29
95, Y, 58, 51
46, M, 22, 41
10, Z, 96, 48
64, U, 37, 57
72, c, 72, 59
53, K, 22, 89
44, R, 44, 69
52, P, 85, 12
5, o, 70, 14
83, z, 31, 70
67, Q, 77, 76
23, f, 5, 25
64, B, 42, 56
85, y, 76, 42
9, r, 94, 55
93, C, 56, 89
70, u, 85, 74
6, I, 12, 10
70, A, 47, 68
2, e, 0, 32
63, o, 58, 97
65, N, 0, 58
3, H, 78, 63
3, t, 19, 14
78, K, 52, 74
48, d, 26, 11
5, J, 80, 70
72, o, 76, 2
34, w, 99, 33
94, A, 79, 49
70, S, 76, 38
72, p, 12, 28
21, e, 25, 61
21, Y, 45, 74
26, y, 67, 86
21, i, 77, 23
24, G, 14, 75
83, W, 69, 9
46, F, 3, 16
15, O, 38, 75
80, u, 24, 93
38, S, 32, 38
29, m, 49, 29
94, x, 84, 7
82, C, 97, 28
29, O, 4, 45
11, x, 29, 11
65, W, 3, 55
70, A, 83, 50
61, L, 76, 82
70, s, 54, 17
93, N, 1, 0
37, B, 29, 82
74, h, 49, 64
16, e, 5, 84
30, T, 80, 38
6, l, 6, 73
91, U, 66, 66
97, c, 63, 49
58, X, 24, 78
38, I, 20, 9
54, r, 31, 100
98, a, 23, 70
30, p, 22, 78
61, g, 34, 27
73, X, 35, 10
93, S, 48, 1
82, j, 48, 28
75, U, 56, 21
88, V, 19, 14
46, g, 22, 96
54, L, 52, 80
45, r, 61, 44
77, M, 67, 11
96, O, 68, 2
87, l, 22, 79
12, j, 71, 41
52, e, 83, 12
97, o, 64, 43
9, a, 86, 80
13, j, 83, 18
28, Q, 30, 99
15, X, 65, 80
46, U, 90, 71
51, n, 59, 86
0, B, 97, 44
16, e, 57, 98
51, l, 70, 43
23, p, 13, 54
34, i, 17, 44
27, B, 80, 0
44, Y, 26, 45
43, d, 40, 35
65, a, 37, 35
40, b, 34, 98
68, A, 2, 44
3, L, 7, 75
12, V, 71, 3
98, j, 31, 20
14, e, 62, 77
2, I, 41, 88
52, Y, 0, 75
93, m, 30, 92
1, k, 70, 69
93, j, 43, 74
42, I, 49, 43
62, M, 37, 22
26, r, 53, 87
39, T, 59, 46
25, c, 1, 25
89, y, 51, 42
11, i, 61, 13
28, y, 88, 80
42, C, 60, 74
99, u, 17, 36
100, j, 82, 60
80, j, 79, 81
24, i, 17, 6
59, O, 20, 93
97, x, 51, 57
72, X, 25, 59
86, Q, 99, 9
65, E, 64, 9
41, J, 75, 28
68, y, 30, 1
34, e, 53, 73
25, u, 54, 53
51, T, 15, 3
72, N, 65, 20
22, i, 3, 0
79, H, 14, 47
43, u, 57, 61
39, U, 16, 36
22, o, 36, 15
99, f, 15, 2
58, W, 39, 32
45, w, 34, 6
48, M, 2, 22
90, u, 45, 51
76, T, 43, 52
85, w, 82, 54
91, t, 29, 61
60, U, 9, 74
87, H, 50, 31
3, I, 86, 77
41, F, 4, 50
63, o, 2, 54
77, F, 16, 57
57, z, 0, 84
31, v, 79, 36
1, W, 3, 95
51, e, 5, 42
36, L, 53, 19
95, B, 98, 91
35, O, 84, 44
17, I, 14, 22
55, a, 36, 78
98, q, 3, 38
58, N, 23, 51
33, w, 52, 16
69, y, 44, 40
81, w, 60, 76
30, L, 37, 82
59, S, 29, 52
63, A, 14, 85
92, d, 57, 25
50, D, 100, 87
56, d, 25, 89
10, N, 81, 72
17, E, 60, 31
19, e, 18, 11
16, v, 37, 10
65, r, 9, 57
97, x, 26, 72
54, H, 28, 92
76, n, 65, 53
22, w, 61, 54
44, s, 64, 13
21, q, 97, 95
52, d, 66, 98
89, r, 13, 2
2, t, 26, 88
33, R, 74, 38
13, x, 66, 62
3, P, 19, 95
9, N, 46, 47
44, g, 24, 7
4, m, 70, 90
64, J, 76, 58
9, n, 87, 57
8, G, 86, 17
1, n, 56, 10
71, z, 32, 44
82, J, 54, 65
94, d, 68, 42
71, B, 68, 42
91, O, 78, 45
1, Q, 89, 18
23, d, 30, 71
80, R, 94, 97
33, f, 49, 23
22, u, 45, 67
34, J, 95, 95
25, Q, 8, 30
25, l, 30, 46
15, m, 12, 31
12, f, 40, 16
84, k, 27, 18
56, I, 67, 82
76, E, 62, 35
81, g, 5, 36
90, b, 95, 68
88, L, 36, 18
64, X, 51, 73
32, N, 100, 44
53, x, 58, 83
76, e, 53, 48
64, m, 46, 97
45, B, 44, 77
18, K, 49, 36
43, s, 57, 88
57, t, 28, 100
49, x, 11, 2
33, T, 74, 44
16, e, 18, 81
69, F, 43, 91
64, s, 17, 94
37, r, 31, 46
29, v, 41, 76
4, C, 93, 81
30, L, 51, 78
13, l, 72, 64
1, V, 44, 20
76, A, 9, 42
32, k, 35, 76
96, t, 17, 92
55, r, 49, 38
34, J, 59, 45
39, P, 32, 96
51, k, 81, 21
78, Q, 28, 11
37, b, 8, 70
67, p, 52, 29
63, s, 62, 3
83, x, 17, 24
34, F, 74, 18
90, N, 30, 26
66, o, 72, 93
60, a, 2, 11
45, d, 72, 5
46, o, 77, 5
99, A, 11, 77
11, M, 58, 82
0, I, 28, 72
94, n, 100, 28
10, M, 70, 76
80, K, 91, 0
80, h, 79, 63
56, M, 39, 86
51, O, 68, 42
25, c, 13, 100
91, Z, 19, 40
5, B, 92, 76
27, X, 80, 13
93, d, 49, 34
16, S, 23, 2
48, I, 81, 56
89, Z, 27, 89
4, O, 42, 15
56, j, 46, 4
89, X, 45, 45
98, j, 27, 30
12, Y, 53, 62
5, n, 24, 42
71, Z, 73, 14
61, Z, 95, 21
87, P, 14, 3
73, q, 50, 60
85, D, 20, 14
38, p, 91, 44
26, o, 31, 94
80, A, 29, 76
28, l, 8, 100
3, D, 60, 47
8, y, 1, 96
49, v, 64, 99
83, A, 18, 39
1, B, 46, 36
47, j, 26, 0
25, L, 77, 50
5, d, 13, 65
96, G, 89, 40
96, h, 2, 49
94, c, 79, 45
84, f, 30, 89
98, K, 76, 88
80, i, 81, 71
86, W, 100, 39
47, N, 14, 72
95, L, 89, 76
87, w, 74, 18
48, q, 1, 22
3, y, 13, 34
40, L, 63, 63
91, f, 100, 87
49, M, 80, 93
29, K, 70, 88
4, T, 49, 2
75, r, 20, 69
74, S, 77, 10
5, x, 42, 14
73, s, 52, 82
67, N, 11, 38
42, n, 45, 87
92, W, 81, 93
75, s, 10, 76
99, X, 38, 68
99, A, 95, 37
48, V, 16, 69
55, R, 39, 95
37, W, 72, 27
87, d, 72, 35
66, D, 99, 13
92, v, 63, 79
70, K, 45, 87
80, d, 16, 26
90, c, 99, 71
43, T, 55, 48
27, t, 70, 69
59, L, 20, 92
61, M, 98, 55
48, W, 87, 85
56, x, 9, 33
30, O, 65, 2
69, o, 5, 83
28, R, 4, 98
11, I, 69, 36
92, s, 59, 73
12, W, 73, 57
33, y, 7, 54
13, e, 79, 68
39, F, 94, 62
57, Z, 44, 41
35, P, 38, 37
59, D, 94, 67
51, x, 82, 16
8, y, 56, 61
8, r, 27, 13
40, A, 5, 87
14, E, 93, 21
65, D, 21, 25
81, a, 4, 35
22, Y, 37, 83
84, e, 65, 22
79, Y, 30, 33
70, k, 89, 46
16, M, 53, 4
78, j, 5, 40
68, G, 92, 49
15, L, 22, 88
58, x, 43, 24
93, q, 97, 89
40, i, 74, 98
90, t, 64, 50
66, k, 11, 0
90, l, 28, 91
54, T, 47, 44
18, E, 66, 75
8, Y, 36, 16
61, l, 51, 8
61, D, 98, 49
36, p, 55, 0
42, l, 93, 37
77, z, 67, 88
73, Z, 93, 39
30, a, 3, 14
79, Q, 52, 49
60, s, 96, 35
5, C, 9, 89
4, B, 6, 49
77, P, 21, 59
10, L, 52, 98
77, e, 97, 58
42, r, 7, 91
4, M, 44, 20
8, z, 80, 44
49, g, 15, 92
53, e, 55, 57
90, i, 70, 13
93, p, 66, 6
45, a, 46, 80
18, w, 20, 90
8, V, 58, 41
35, A, 38, 19
18, o, 86, 85
82, V, 72, 53
44, e, 4, 97
76, n, 15, 80
65, u, 43, 64
55, z, 86, 24
100, I, 88, 22
45, j, 91, 51
24, c, 92, 89
34, a, 50, 13
58, n, 59, 10
72, m, 12, 78
81, h, 99, 90
43, p, 41, 2
11, k, 11, 95
90, L, 30, 42
76, h, 55, 41
25, B, 89, 31
54, T, 5, 95
18, g, 78, 69
20, c, 11, 76
45, K, 59, 87
84, z, 19, 59
64, W, 95, 72
22, P, 41, 77
48, G, 13, 67
13, Z, 63, 60
8, x, 58, 42
98, q, 57, 37
81, x, 9, 41
33, n, 91, 3
61, g, 84, 35
94, f, 67, 9
60, y, 54, 86
96, P, 31, 14
75, M, 48, 37
41, n, 1, 83
49, X, 81, 78
10, H, 19, 48
9, H, 74, 38
56, c, 2, 87
54, m, 62, 39
92, q, 56, 97
64, y, 56, 10
83, f, 14, 67
11, T, 94, 28
92, I, 91, 45
45, C, 45, 1
99, y, 34, 28
40, n, 70, 17
34, Q, 5, 4
32, a, 89, 55
54, k, 28, 92
85, c, 77, 53
8, u, 60, 76
96, H, 89, 37
40, l, 32, 56
98, v, 19, 32
95, Z, 86, 66
57, K, 50, 90
25, e, 56, 59
31, z, 36, 54
1, P, 86, 37
37, w, 33, 82
44, F, 90, 61
63, K, 53, 77
95, v, 27, 36
38, n, 84, 15
66, d, 79, 96
51, O, 50, 7
81, U, 82, 31
53, p, 33, 32
30, N, 37, 0
94, B, 94, 60
66, x, 27, 2
36, L, 10, 84
46, u, 82, 92
29, J, 31, 70
32, R, 30, 90
63, M, 33, 59
64, W, 85, 58
93, H, 74, 79
64, n, 6, 82
20, w, 13, 59
83, r, 29, 78
47, r, 89, 84
91, m, 100, 49
27, G, 51, 88
3, J, 76, 62
73, H, 67, 96
60, Y, 54, 77
55, S, 34, 91
11, g, 88, 98
10, N, 49, 51
32, N, 79, 28
21, a, 6, 94
91, M, 75, 36
72, h, 6, 50
92, B, 71, 65
2, y, 16, 30
47, i, 8, 22
58, V, 95, 67
86, o, 74, 71
84, l, 13, 36
20, r, 32, 9
26, q, 69, 68
31, P, 53, 33
82, S, 21, 37
83, H, 72, 20
0, c, 22, 23
40, M, 74, 29
25, r, 22, 94
59, v, 50, 77
56, m, 17, 1
57, G, 40, 94
32, o, 99, 82
3, e, 73, 62
7, j, 20, 38
38, p, 22, 19
24, B, 12, 27
22, A, 35, 15
67, H, 15, 27
99, P, 79, 64
93, C, 39, 38
69, a, 53, 48
22, c, 96, 100
92, B, 53, 28
20, L, 54, 69
81, U, 95, 27
58, t, 2, 26
85, r, 86, 2
47, X, 16, 89
51, i, 18, 92
59, l, 23, 3
27, U, 62, 28
47, i, 84, 83
38, S, 79, 84
57, E, 76, 17
17, V, 89, 64
81, L, 37, 34
59, W, 44, 93
86, G, 65, 3
64, B, 53, 46
76, q, 84, 32
43, A, 64, 70
91, F, 92, 89
73, i, 38, 5
13, U, 36, 60
34, X, 21, 97
18, r, 2, 81
59, i, 49, 18
40, W, 72, 88
86, d, 4, 0
50, C, 70, 63
80, j, 49, 95
93, X, 29, 53
63, k, 37, 19
23, e, 98, 14
55, v, 77, 15
81, M, 46, 88
87, v, 18, 1
48, S, 77, 36
37, o, 12, 31
40, M, 46, 53
71, l, 30, 63
29, T, 3, 7
54, D, 86, 50
64, F, 85, 17
21, D, 46, 77
51, s, 32, 36
98, W, 68, 27
66, A, 48, 34
4, C, 17, 97
87, l, 80, 12
58, y, 64, 66
87, E, 42, 21
8, q, 5, 78
66, X, 17, 76
93, E, 43, 47
85, t, 88, 45
98, M, 3, 68
14, Z, 7, 89
17, K, 39, 22
82, Z, 56, 84
72, o, 34, 41
49, y, 7, 23
58, p, 18, 62
13, E, 74, 97
42, T, 50, 0
17, v, 52, 87
53, F, 30, 2
84, y, 1, 11
27, Y, 28, 76
43, Y, 39, 44
63, d, 11, 0
70, b, 81, 15
10, V, 72, 99
56, F, 39, 72
33, T, 50, 54
86, E, 3, 52
90, w, 50, 66
14, F, 81, 43
46, R, 33, 43
82, A, 53, 83
20, b, 44, 1
41, G, 18, 26
67, x, 87, 13
92, s, 67, 50
85, H, 63, 84
77, O, 74, 44
67, b, 9, 37
31, Z, 77, 14
56, U, 7, 49
7, o, 29, 27
85, u, 9, 66
70, R, 69, 44
57, y, 16, 75
89, F, 69, 43
23, e, 40, 23
15, p, 25, 25
37, L, 99, 46
26, R, 37, 86
57, Y, 53, 1
17, y, 69, 5
26, t, 27, 16
60, M, 72, 89
23, r, 15, 75
94, D, 62, 14
77, X, 20, 75
30, y, 34, 38
75, e, 21, 73
55, v, 72, 73
1, Q, 90, 93
83, K, 52, 49
16, G, 79, 65
37, s, 63, 79
43, S, 44, 56
28, b, 1, 93
7, m, 92, 76
100, w, 63, 21
17, e, 58, 93
83, d, 90, 61
31, R, 58, 80
65, R, 3, 29
89, b, 42, 30
68, J, 15, 67
3, U, 14, 38
40, M, 58, 42
93, r, 64, 54
12, y, 65, 38
93, E, 75, 5
90, T, 36, 99
8, r, 49, 47
36, h, 3, 29
39, d, 53, 79
32, W, 86, 11
96, F, 67, 67
12, q, 89, 15
64, X, 15, 26
56, O, 84, 100
30, y, 39, 6
41, d, 33, 10
90, m, 7, 0
14, J, 90, 28
85, m, 96, 75
96, q, 97, 95
62, A, 100, 8
43, K, 56, 46
60, g, 94, 67
77, C, 21, 86
66, k, 44, 71
16, S, 28, 71
48, Q, 59, 96
20, o, 76, 36
80, w, 24, 27
11, U, 38, 97
11, Z, 62, 34
14, S, 34, 54
73, H, 35, 41
36, l, 11, 68
85, H, 42, 15
87, T, 90, 1
30, U, 78, 84
93, K, 30, 87
22, M, 46, 11
25, m, 78, 10
14, d, 42, 30
76, M, 79, 20
60, s, 16, 12
1, h, 51, 95
6, L, 55, 41
78, E, 88, 11
4, f, 50, 38
10, W, 99, 57
61, l, 98, 91
19, u, 88, 24
33, H, 10, 22
83, P, 90, 65
85, i, 53, 33
96, i, 33, 94
10, n, 52, 48
52, a, 88, 0
91, O, 29, 36
63, E, 34, 83
22, a, 48, 32
25, x, 65, 43
96, l, 93, 76
95, Z, 54, 16
18, D, 72, 91
8, N, 69, 76
63, f, 30, 91
43, f, 91, 64
62, V, 35, 30
58, D, 8, 53
43, o, 30, 6
82, R, 95, 54
21, V, 25, 56
81, D, 59, 100
77, R, 59, 4
29, g, 40, 41
51, l, 50, 4
70, O, 86, 76
83, i, 43, 13
72, t, 8, 32
9, B, 94, 13
42, E, 98, 30
74, K, 59, 90
74, B, 89, 39
72, L, 93, 10
4, V, 88, 20
38, O, 5, 97
74, i, 73, 51
75, k, 18, 37
22, Y, 19, 20
97, P, 66, 34
25, x, 30, 87
90, V, 99, 97
72, R, 37, 59
81, s, 65, 2
43, r, 57, 66
49, r, 92, 18
59, c, 36, 92
91, o, 47, 41
9, N, 60, 37
77, M, 11, 44
79, W, 80, 82
14, K, 44, 72
14, E, 90, 80
60, w, 54, 11
5, V, 63, 40
37, i, 32, 5
44, R, 64, 68
35, t, 56, 72
13, A, 5, 16
78, D, 79, 71
16, b, 28, 40
22, T, 32, 50
62, m, 21, 77
97, W, 18, 61
73, O, 46, 43
74, l, 90, 32
53, G, 63, 39
65, Y, 65, 3
40, u, 53, 64
67, z, 57, 62
65, z, 48, 20
91, j, 42, 10
32, s, 46, 90
99, T, 79, 61
1, K, 66, 78
56, L, 29, 9
71, Z, 96, 81
65, F, 70, 19
92, T, 70, 96
28, R, 48, 3
16, j, 20, 79
48, x, 100, 71
90, G, 25, 8
45, n, 31, 95
55, T, 60, 8
59, c, 84, 43
1, n, 75, 28
79, e, 36, 9
44, P, 79, 18
82, P, 79, 27
71, n, 29, 14
21, W, 21, 67
26, o, 94, 95
59, K, 71, 34
86, I, 69, 73
5, b, 48, 67
31, m, 7, 67
9, u, 48, 87
86, e, 18, 82
83, j, 50, 24
28, W, 83, 18
21, g, 74, 55
33, w, 85, 0
16, e, 68, 55
25, B, 86, 17
52, F, 35, 80
38, e, 56, 58
30, R, 69, 86
47, Z, 2, 62
58, i, 57, 41
91, U, 97, 68
76, r, 42, 30
85, U, 6, 73
21, D, 97, 79
51, I, 27, 93
55, X, 95, 35
30, Y, 22, 84
50, Z, 32, 52
83, O, 40, 21
37, P, 55, 6
99, E, 30, 31
39, O, 50, 26
52, E, 14, 38
35, P, 37, 45
17, V, 48, 95
65, d, 25, 7
55, I, 84, 64
20, u, 48, 40
91, o, 85, 98
0, B, 53, 37
83, U, 68, 89
49, k, 20, 11
59, g, 75, 49
90, V, 40, 65
0, Y, 50, 89
52, N, 9, 47
53, o, 83, 18
70, Y, 51, 18
10, L, 66, 17
24, s, 73, 11
57, m, 69, 22
34, j, 50, 14
16, b, 98, 73
28, r, 9, 41
41, d, 26, 86
77, p, 6, 76
21, y, 49, 87
50, N, 57, 28
77, J, 38, 13
63, q, 20, 21
29, g, 89, 83
88, R, 5, 29
96, y, 94, 26
21, L, 17, 53
47, k, 24, 38
92, K, 93, 50
71, e, 46, 84
34, U, 93, 100
66, P, 69, 98
32, e, 58, 15
11, b, 38, 2
34, g, 98, 41
19, o, 67, 7
56, V, 46, 33
4, G, 90, 1
62, C, 99, 63
13, H, 54, 33
53, E, 59, 91
95, h, 43, 31
35, O, 86, 90
79, D, 36, 5
21, i, 37, 37
2, D, 2, 23
79, B, 33, 98
45, r, 89, 40
7, R, 18, 62
12, N, 31, 97
44, z, 52, 16
81, j, 0, 45
82, X, 45, 28
46, e, 24, 64
65, l, 2, 94
97, T, 7, 24
22, y, 86, 16
22, r, 97, 45
99, r, 57, 36
38, c, 22, 100
83, n, 47, 11
96, K, 61, 33
69, e, 97, 30
93, y, 27, 21
91, s, 55, 87
62, j, 89, 94
76, B, 48, 15
24, P, 39, 8
57, k, 84, 72
15, e, 27, 85
62, A, 63, 77
17, L, 91, 15
52, b, 19, 22
19, K, 92, 42
11, f, 10, 26
62, J, 98, 5
26, S, 21, 17
46, w, 49, 44
61, B, 38, 86
72, x, 38, 70
32, H, 66, 28
3, e, 44, 51
82, a, 99, 94
68, v, 66, 91
78, n, 72, 54
71, O, 76, 79
32, w, 93, 54
50, H, 16, 49
42, J, 58, 36
69, n, 30, 79
8, V, 40, 31
18, M, 17, 90
93, H, 99, 63
64, p, 75, 33
30, w, 79, 41
37, V, 100, 69
69, x, 3, 89
64, r, 7, 53
12, A, 59, 34
52, z, 29, 84
84, m, 19, 40
25, G, 54, 93
20, d, 67, 9
84, E, 91, 77
66, c, 55, 72
41, r, 19, 20
100, Q, 58, 67
33, e, 40, 5
0, T, 31, 81
77, p, 38, 87
9, T, 56, 52
96, Q, 44, 45
53, q, 41, 74
84, m, 45, 97
18, a, 93, 54
31, x, 34, 74
82, l, 59, 34
40, W, 27, 0
41, p, 35, 46
42, k, 18, 4
13, d, 21, 88
22, k, 42, 22
17, j, 11, 38
32, j, 22, 69
1, G, 24, 78
94, S, 73, 38
74, F, 83, 44
85, l, 90, 60
28, E, 62, 98
6, d, 80, 15
68, Y, 0, 10
98, J, 19, 39
52, u, 58, 0
53, r, 22, 54
39, R, 52, 80
50, C, 98, 32
31, d, 15, 76
88, T, 32, 78
19, s, 29, 26
61, E, 34, 19
90, l, 63, 38
8, g, 64, 55
80, z, 90, 53
17, j, 75, 11
65, p, 4, 74
33, W, 37, 24
53, Q, 47, 3
37, C, 98, 23
4, Q, 89, 34
75, W, 2, 61
26, B, 52, 97
29, f, 62, 73
0, h, 92, 31
30, j, 47, 52
37, l, 23, 5
28, o, 69, 58
91, d, 31, 18
73, C, 62, 17
68, c, 83, 92
89, K, 34, 27
75, y, 71, 59
35, I, 13, 72
5, Q, 88, 54
35, Q, 81, 2
32, v, 38, 76
75, W, 100, 89
74, L, 20, 6
94, f, 91, 17
49, R, 4, 55
77, N, 30, 23
19, G, 7, 55
35, V, 8, 19
22, N, 27, 63
84, a, 8, 65
37, D, 4, 28
13, s, 91, 84
52, Q, 60, 42
19, D, 10, 86
100, p, 94, 46
55, W, 19, 100
60, Z, 74, 2
11, p, 13, 93
12, h, 14, 29
60, P, 39, 89
36, a, 41, 29
68, n, 64, 24
99, z, 16, 1
27, X, 58, 55
90, P, 31, 8
6, M, 34, 15
11, S, 15, 21
81, A, 66, 38
98, v, 13, 69
41, w, 74, 30
74, z, 70, 53
33, l, 14, 25
70, R, 23, 93
66, d, 88, 91
25, C, 6, 48
44, C, 88, 90
83, A, 38, 67
68, D, 44, 75
72, s, 18, 18
55, a, 54, 64
63, F, 55, 96
52, y, 96, 98
24, B, 41, 74
17, H, 99, 43
98, Q, 15, 41
3, X, 74, 41
12, L, 59, 42
79, Z, 28, 8
7, C, 92, 60
13, y, 8, 43
10, K, 12, 96
47, j, 73, 95
3, W, 25, 11
40, K, 10, 66
21, m, 25, 30
11, u, 14, 14
74, J, 37, 87
28, F, 91, 89
57, l, 69, 24
74, J, 92, 59
39, K, 9, 60
87, e, 42, 60
93, T, 62, 34
74, H, 47, 30
1, V, 81, 54
53, A, 28, 33
84, P, 46, 56
53, q, 65, 46
9, Y, 61, 16
55, t, 68, 81
82, x, 54, 64
32, X, 93, 74
7, q, 98, 100
86, c, 21, 56
3, z, 33, 85
96, C, 90, 45
95, o, 86, 51
26, w, 98, 13
85, m, 97, 75
16, C, 93, 97
75, N, 63, 59
70, U, 96, 43
54, F, 20, 42
52, e, 47, 36
25, N, 51, 56
59, u, 53, 26
73, N, 55, 12
1, Q, 77, 47
22, q, 19, 84
1, L, 21, 89
5, L, 100, 57
10, S, 14, 20
49, h, 20, 9
7, A, 51, 54
23, u, 56, 16
12, v, 100, 47
1, Y, 10, 97
98, Q, 94, 23
34, w, 91, 51
21, S, 56, 96
86, t, 43, 34
16, I, 63, 71
15, y, 92, 65
16, T, 87, 29
32, K, 23, 84
44, i, 35, 22
62, W, 44, 31
37, d, 86, 0
42, t, 54, 37
14, X, 72, 17
53, h, 48, 89
38, I, 61, 93
43, X, 4, 26
82, o, 71, 45
91, q, 79, 7
95, S, 99, 29
12, u, 1, 42
95, r, 53, 95
34, K, 51, 22
21, X, 66, 67
40, z, 88, 5
52, n, 84, 53
31, x, 13, 99
40, A, 53, 59
53, o, 63, 39
17, M, 13, 0
2, j, 33, 44
55, x, 29, 23
31, o, 22, 58
61, g, 61, 89
5, a, 98, 14
96, h, 12, 96
40, l, 24, 54
97, i, 97, 99
49, E, 89, 51
17, D, 67, 26
18, V, 82, 36
13, A, 73, 7
95, S, 39, 93
53, H, 13, 52
39, K, 89, 70
45, F, 56, 3
1, w, 11, 22
67, g, 6, 28
81, F, 39, 38
47, G, 73, 99
1, Y, 83, 90
85, C, 19, 29
78, j, 10, 80
39, B, 13, 97
3, H, 60, 45
52, Z, 64, 4
22, d, 75, 2
1, t, 87, 32
28, c, 67, 6
48, a, 8, 34
96, R, 82, 6
65, i, 54, 49
48, V, 33, 34
96, a, 19, 49
38, h, 20, 69
63, D, 5, 30
98, C, 75, 22
52, l, 79, 23
45, g, 56, 80
33, g, 72, 7
75, c, 12, 7
90, f, 84, 38
32, m, 63, 59
65, b, 77, 72
21, t, 64, 23
62, s, 31, 3
79, I, 11, 19
38, Q, 57, 43
83, X, 74, 79
86, F, 49, 7
59, K, 7, 77
60, w, 38, 67
69, i, 100, 89
23, k, 81, 6
44, W, 46, 59
57, A, 91, 85
85, f, 80, 71
56, a, 92, 89
71, R, 40, 27
21, V, 46, 42
63, u, 62, 97
62, J, 94, 46
63, u, 59, 32
79, H, 47, 37
81, s, 45, 40
100, k, 37, 13
78, X, 33, 56
91, v, 92, 73
48, M, 47, 2
78, A, 55, 31
25, F, 85, 51
43, I, 63, 89
39, y, 44, 8
88, G, 29, 56
85, x, 90, 32
32, A, 61, 24
30, L, 20, 96
44, R, 36, 63
2, Z, 29, 6
81, Q, 89, 45
20, B, 90, 21
16, J, 91, 92
63, N, 91, 5
0, n, 41, 93
1, L, 2, 8
46, u, 38, 66
37, c, 31, 83
90, t, 28, 34
96, u, 4, 71
56, d, 67, 69
36, b, 83, 91
23, v, 99, 18
51, e, 86, 73
1, M, 57, 66
52, o, 8, 2
21, w, 53, 33
78, r, 41, 6
30, E, 74, 48
9, Q, 54, 92
95, F, 32, 21
25, W, 81, 68
17, U, 64, 8
90, N, 92, 41
8, p, 100, 90
17, V, 24, 55
86, o, 96, 72
94, B, 75, 71
72, I, 77, 67
34, c, 88, 26
21, S, 68, 24
6, u, 99, 39
17, d, 99, 66
64, s, 92, 82
17, d, 99, 31
66, a, 13, 61
42, z, 2, 11
99, B, 84, 22
90, a, 17, 96
30, z, 20, 93
37, c, 82, 9
7, d, 38, 53
11, h, 72, 35
78, k, 39, 82
81, d, 72, 70
18, V, 10, 18
96, J, 8, 64
85, D, 19, 34
12, d, 95, 47
4, I, 11, 4
76, N, 12, 84
57, X, 90, 36
26, y, 51, 53
34, m, 93, 89
56, Y, 90, 21
26, q, 1, 17
87, H, 14, 88
0, z, 64, 91
38, V, 51, 54
94, X, 86, 66
88, q, 33, 38
57, a, 5, 5
49, V, 8, 34
14, i, 72, 72
82, b, 26, 25
28, b, 85, 32
15, X, 89, 56
94, K, 14, 75
88, W, 89, 23
33, Y, 10, 20
87, n, 95, 11
91, G, 67, 30
8, r, 96, 96
54, j, 73, 12
4, X, 58, 22
5, B, 2, 94
69, B, 26, 86
4, G, 79, 39
85, o, 19, 4
97, O, 91, 89
24, h, 16, 63
100, d, 10, 12
8, I, 57, 23
26, y, 51, 72
87, M, 88, 83
7, H, 0, 35
79, C, 27, 60
7, S, 59, 24
48, C, 2, 6
24, L, 28, 45
49, z, 12, 72
24, Z, 59, 98
88, b, 43, 76
94, B, 12, 75
63, l, 17, 23
37, E, 91, 28
22, R, 59, 84
29, x, 71, 74
36, U, 26, 24
9, c, 56, 11
18, W, 29, 19
47, J, 75, 7
22, U, 1, 2
14, e, 97, 57
8, f, 11, 4
94, u, 59, 20
46, F, 0, 59
47, S, 71, 55
2, j, 76, 73
5, a, 78, 51
57, q, 79, 41
86, t, 19, 80
54, f, 9, 64
86, S, 26, 94
4, g, 27, 11
50, w, 29, 47
25, x, 84, 5
4, l, 16, 42
97, z, 48, 79
98, C, 50, 51
29, H, 48, 36
46, R, 24, 51
64, y, 56, 24
69, s, 85, 43
10, T, 98, 93
76, p, 4, 19
10, E, 79, 61
72, F, 87, 43
24, E, 4, 61
16, n, 49, 60
35, X, 67, 69
57, o, 77, 35
92, o, 94, 0
81, X, 0, 11
59, r, 7, 38
75, C, 8, 75
60, f, 65, 25
22, N, 65, 69
96, G, 13, 55
70, o, 96, 63
86, z, 90, 22
17, F, 77, 48
10, i, 50, 14
64, s, 99, 87
70, c, 59, 51
34, n, 2, 70
84, N, 98, 83
48, V, 54, 84
14, b, 10, 33
35, e, 73, 2
19, B, 85, 11
83, K, 67, 90
51, y, 46, 56
6, a, 37, 20
86, B, 17, 56
55, J, 11, 29
37, M, 76, 82
5, t, 14, 68
28, n, 45, 7
95, R, 77, 4
14, Q, 35, 99
4, m, 60, 63
71, i, 33, 42
17, D, 73, 47
16, C, 99, 97
66, g, 43, 14
92, y, 58, 3
24, G, 30, 1
55, K, 83, 57
59, d, 6, 10
65, g, 63, 11
51, Y, 33, 10
78, L, 30, 30
7, m, 19, 67
13, v, 57, 41
10, W, 98, 81
73, F, 36, 98
20, t, 74, 55
63, x, 7, 87
57, Y, 49, 0
30, K, 10, 69
15, n, 86, 100
95, S, 56, 83
2, i, 37, 96
70, K, 91, 82
3, Y, 31, 28
34, U, 0, 15
15, r, 59, 35
22, K, 40, 69
6, i, 90, 17
43, Z, 60, 59
58, l, 18, 38
82, f, 52, 57
30, A, 66, 20
99, U, 9, 71
99, c, 41, 41
12, o, 83, 6
87, Q, 5, 1
69, v, 77, 15
49, d, 26, 21
46, e, 9, 21
36, n, 6, 80
27, C, 49, 75
19, O, 68, 74
16, u, 33, 54
2, p, 88, 48
1, y, 50, 2
15, P, 46, 81
85, k, 52, 65
65, h, 76, 70
85, q, 68, 55
88, T, 16, 17
59, n, 37, 3
6, u, 42, 96
64, T, 88, 63
34, Q, 12, 20
17, o, 85, 27
97, P, 97, 66
58, q, 57, 6
97, g, 30, 13
36, i, 82, 47
34, d, 7, 23
58, O, 28, 26
14, l, 14, 97
1, l, 99, 21
47, F, 68, 78
58, i, 79, 19
89, C, 41, 26
56, P, 84, 2
30, W, 97, 32
92, w, 19, 53
11, I, 84, 90
13, b, 73, 45
43, Q, 47, 49
42, j, 1, 17
29, v, 40, 58
85, r, 10, 93
56, t, 81, 18
87, Z, 71, 99
43, y, 95, 74
52, E, 17, 89
51, h, 17, 83
41, q, 94, 21
30, I, 76, 59
89, d, 2, 28
93, N, 75, 13
97, g, 10, 73
74, o, 67, 58
60, y, 3, 70
84, E, 95, 35
57, B, 28, 93
81, i, 43, 27
90, y, 66, 72
37, E, 24, 49
65, g, 99, 20
90, h, 74, 78
40, x, 31, 9
88, w, 89, 86
22, B, 41, 8
29, k, 99, 44
71, z, 5, 99
82, k, 26, 31
96, k, 50, 96
84, p, 70, 47
75, S, 91, 96
2, l, 46, 56
58, a, 70, 45
37, s, 96, 46
56, J, 41, 94
39, Y, 6, 21
100, I, 94, 17
88, C, 37, 46
28, q, 72, 89
37, p, 24, 12
54, E, 13, 16
72, O, 38, 59
61, N, 57, 92
39, P, 5, 50
2, Z, 78, 93
20, i, 14, 18
73, N, 44, 27
11, e, 29, 50
27, I, 45, 76
23, B, 60, 12
100, y, 43, 58
4, V, 63, 21
49, V, 7, 65
88, N, 97, 43
61, H, 32, 61
10, S, 81, 6
13, I, 0, 9
95, A, 86, 77
6, A, 45, 37
96, Y, 60, 11
72, v, 28, 7
69, K, 96, 85
26, g, 58, 20
84, w, 57, 10
7, S, 84, 47
28, Z, 88, 29
84, Y, 42, 44
82, X, 86, 67
68, t, 62, 93
54, v, 36, 72
11, t, 42, 47
1, h, 48, 50
92, X, 62, 78
58, B, 65, 86
32, w, 87, 69
0, D, 78, 95
56, I, 82, 6
4, X, 29, 82
98, S, 27, 36
37, w, 55, 33
75, G, 99, 37
86, g, 89, 33
68, K, 40, 21
45, s, 92, 50
28, D, 81, 51
44, z, 88, 85
44, N, 17, 6
8, w, 90, 85
28, W, 48, 93
64, I, 18, 13
57, J, 65, 87
41, K, 45, 75
2, v, 15, 32
43, R, 41, 74
87, l, 62, 59
57, E, 98, 42
57, U, 94, 57
42, F, 86, 43
8, v, 53, 5
80, m, 53, 21
16, V, 30, 79
92, X, 34, 6
68, H, 22, 99
5, E, 20, 86
66, M, 53, 80
44, Y, 22, 23
37, W, 0, 97
99, g, 19, 26
1, l, 41, 53
22, R, 48, 38
50, B, 59, 85
35, J, 5, 97
38, v, 13, 86
74, Y, 93, 32
69, N, 53, 59
52, F, 94, 36
99, Q, 79, 31
5, J, 87, 96
34, j, 13, 82
41, O, 11, 97
75, D, 20, 52
47, h, 4, 33
63, O, 28, 18
14, I, 29, 2
9, N, 96, 51
61, k, 17, 31
89, S, 58, 82
7, u, 94, 36
12, X, 15, 6
12, q, 80, 23
57, z, 53, 8
0, q, 50, 68
63, Z, 74, 1
71, j, 48, 22
13, K, 97, 33
51, H, 2, 45
19, h, 10, 34
47, J, 64, 4
47, K, 75, 14
36, T, 62, 51
95, T, 19, 20
48, Q, 67, 57
85, N, 100, 43
36, a, 28, 32
73, o, 88, 92
66, E, 66, 30
16, P, 100, 42
23, I, 4, 49
89, J, 71, 15
72, Y, 26, 49
10, X, 55, 72
10, M, 34, 94
62, d, 42, 82
46, r, 1, 55
72, y, 57, 33
47, g, 25, 83
81, L, 68, 22
0, A, 94, 74
26, k, 75, 32
55, m, 86, 46
97, C, 93, 58
76, z, 19, 13
70, L, 56, 68
8, Y, 53, 16
41, b, 92, 64
25, b, 43, 73
56, D, 13, 46
70, x, 100, 62
75, a, 13, 41
100, e, 29, 64
4, J, 5, 63
2, I, 78, 44
100, e, 32, 42
87, c, 27, 67
15, X, 6, 52
93, x, 45, 10
26, n, 45, 2
98, d, 78, 10
95, P, 84, 1
76, k, 9, 37
77, J, 94, 68
67, k, 64, 91
51, W, 61, 16
78, k, 86, 76
61, u, 40, 95
78, q, 62, 48
68, r, 48, 24
31, K, 53, 33
91, p, 23, 53
42, b, 36, 56
95, H, 68, 13
22, i, 45, 30
74, D, 46, 96
74, Y, 24, 74
91, i, 7, 49
98, n, 87, 20
10, f, 59, 56
65, z, 93, 56
19, K, 93, 16
83, L, 30, 67
69, X, 5, 61
11, E, 0, 5
12, U, 84, 100
12, m, 10, 86
24, x, 22, 52
13, t, 21, 60
15, T, 84, 20
96, G, 53, 58
51, C, 73, 18
98, l, 90, 12
27, U, 45, 86
37, M, 19, 8
82, l, 22, 15
6, D, 39, 4
6, k, 24, 15
65, x, 61, 14
52, h, 21, 53
100, c, 19, 70
26, l, 20, 79
25, h, 37, 36
33, E, 10, 80
88, H, 34, 63
16, j, 99, 35
20, b, 51, 80
32, R, 38, 48
1, S, 28, 85
86, Q, 45, 53
28, q, 58, 93
77, U, 63, 99
96, u, 33, 54
49, A, 91, 100
81, W, 65, 93
1, p, 71, 41
89, M, 56, 24
85, m, 68, 78
89, d, 54, 12
74, I, 100, 13
68, E, 95, 32
60, z, 5, 59
64, R, 80, 22
13, a, 41, 88
100, t, 39, 19
52, Q, 28, 69
64, k, 25, 19
77, x, 15, 61
57, Y, 48, 26
99, o, 32, 99
30, v, 29, 9
9, F, 8, 56
1, y, 22, 55
2, A, 93, 77
32, N, 50, 19
4, Y, 91, 0
15, P, 14, 44
36, w, 100, 63
42, Z, 29, 95
6, P, 1, 65
47, y, 18, 40
6, O, 87, 53
37, C, 11, 87
19, H, 72, 43
36, e, 54, 52
1, e, 89, 10
39, g, 71, 71
96, q, 11, 18
90, a, 89, 53
97, y, 87, 86
89, l, 86, 87
74, L, 7, 63
6, L, 35, 83
21, U, 42, 11
41, n, 26, 27
20, c, 53, 97
48, L, 66, 52
42, w, 76, 82
79, K, 18, 4
23, W, 72, 41
37, z, 30, 54
52, s, 69, 94
13, r, 85, 89
6, V, 10, 84
82, M, 6, 81
95, x, 28, 58
31, P, 62, 76
94, L, 26, 55
67, p, 79, 20
33, W, 72, 37
26, s, 4, 93
91, f, 99, 40
89, j, 29, 75
88, A, 64, 89
47, P, 30, 88
87, i, 34, 35
86, t, 9, 87
95, x, 45, 55
89, e, 97, 58
62, I, 47, 60
44, d, 41, 47
99, V, 79, 10
87, U, 6, 98
80, O, 3, 61
73, I, 41, 1
89, L, 35, 48
50, U, 98, 41
100, m, 68, 61
80, N, 10, 99
87, z, 48, 54
63, A, 31, 87
67, Z, 81, 15
80, U, 41, 67
87, M, 5, 96
44, d, 98, 48
9, s, 48, 11
40, M, 22, 99
80, A, 47, 13
60, f, 90, 43
74, K, 21, 91
18, g, 5, 17
69, u, 90, 100
40, c, 69, 39
31, e, 69, 40
38, U, 3, 90
27, V, 78, 84
62, f, 56, 9
20, j, 47, 42
5, B, 43, 27
0, c, 77, 93
8, s, 49, 17
9, F, 32, 90
38, r, 37, 30
3, d, 83, 75
9, G, 47, 42
11, C, 35, 35
60, C, 91, 80
72, X, 54, 57
29, y, 7, 34
21, F, 60, 50
76, v, 6, 14
5, p, 81, 95
30, h, 13, 63
70, b, 57, 96
66, r, 45, 74
78, F, 32, 12
13, Y, 28, 51
28, f, 44, 73
15, H, 98, 42
60, b, 62, 20
66, j, 79, 59
5, N, 57, 55
92, e, 37, 24
41, G, 97, 65
65, z, 43, 89
15, X, 0, 90
94, X, 53, 32
2, A, 55, 68
28, g, 8, 80
66, F, 100, 14
31, y, 3, 86
97, O, 20, 26
58, L, 84, 62
46, n, 43, 76
20, q, 10, 35
5, A, 30, 65
43, K, 35, 84
4, F, 4, 48
60, e, 21, 42
7, F, 99, 6
64, M, 10, 56
54, X, 79, 50
87, T, 50, 53
27, O, 10, 67
64, k, 34, 92
36, l, 43, 75
63, l, 46, 23
46, m, 70, 11
70, F, 54, 16
84, S, 27, 78
34, X, 29, 99
61, g, 23, 74
14, c, 12, 2
22, b, 41, 66
39, R, 3, 59
26, u, 64, 76
65, O, 79, 92
51, Y, 86, 55
56, k, 95, 28
35, t, 73, 72
86, A, 66, 43
61, F, 35, 4
50, M, 34, 33
57, g, 81, 23
0, l, 97, 8
93, G, 49, 72
16, p, 57, 72
24, s, 25, 53
85, P, 69, 61
92, d, 68, 92
49, S, 69, 75
54, k, 54, 91
99, r, 7, 66
93, a, 89, 6
89, r, 52, 37
23, g, 97, 38
9, C, 74, 27
41, g, 92, 61
18, n, 83, 34
88, V, 94, 42
21, X, 70, 78
73, x, 52, 98
66, J, 100, 38
16, B, 43, 28
42, K, 28, 31
14, G, 70, 70
74, o, 7, 85
37, f, 39, 64
89, W, 76, 1
61, G, 8, 10
76, q, 55, 90
95, E, 7, 74
56, G, 31, 41
96, l, 15, 89
67, b, 80, 20
98, B, 82, 55
85, q, 61, 61
90, X, 42, 98
1, x, 12, 21
61, S, 18, 35
5, R, 72, 23
85, E, 7, 74
64, N, 81, 7
62, q, 30, 23
77, e, 60, 98
83, L, 48, 97
26, K, 68, 97
59, P, 47, 91
88, h, 46, 2
44, G, 22, 51
87, T, 47, 55
93, q, 28, 98
94, d, 68, 44
2, r, 29, 77
74, h, 19, 39
95, S, 6, 63
38, n, 99, 21
89, n, 46, 60
48, m, 43, 76
29, E, 79, 50
26, W, 30, 75
93, C, 62, 39
74, d, 50, 31
17, w, 45, 99
38, O, 95, 8
49, U, 41, 33
40, B, 88, 59
56, g, 5, 13
90, u, 79, 97
47, P, 19, 34
70, n, 78, 16
89, U, 47, 57
45, Y, 30, 95
91, x, 37, 25
9, C, 88, 60
21, f, 44, 56
13, F, 35, 99
12, O, 0, 27
0, T, 7, 97
47, h, 41, 87
68, M, 66, 10
61, Y, 37, 97
29, B, 89, 50
5, l, 39, 46
67, q, 42, 75
15, f, 10, 83
5, e, 72, 92
58, s, 9, 86
53, f, 30, 77
66, R, 42, 85
75, m, 87, 41
97, u, 45, 89
18, g, 66, 11
97, Z, 24, 7
3, d, 99, 46
59, M, 73, 74
61, R, 46, 44
8, r, 55, 58
21, v, 99, 54
92, d, 76, 86
99, K, 41, 54
40, n, 59, 2
32, A, 21, 95
50, b, 19, 31
52, j, 9, 15
27, J, 72, 44
51, P, 7, 56
23, x, 73, 15
18, d, 62, 7
19, a, 41, 7
64, t, 6, 50
88, H, 77, 44
44, f, 15, 94
67, G, 78, 67
4, x, 17, 5
59, t, 70, 40
48, d, 54, 16
36, r, 69, 27
34, O, 92, 77
79, y, 81, 40
1, s, 64, 12
73, N, 73, 68
98, K, 8, 59
51, i, 37, 16
84, P, 81, 88
45, L, 27, 10
85, N, 9, 53
42, R, 19, 44
61, m, 98, 86
16, J, 80, 16
54, k, 31, 6
72, Z, 18, 5
50, o, 27, 30
43, n, 35, 49
77, I, 10, 93
66, i, 10, 49
39, D, 84, 86
85, k, 54, 7
62, u, 56, 45
14, D, 94, 41
97, Y, 56, 59
82, Y, 70, 45
62, J, 12, 91
12, P, 60, 92
96, X, 87, 47
68, r, 75, 65
53, s, 98, 60
22, H, 19, 86
76, n, 19, 84
79, B, 28, 93
50, x, 37, 4
45, z, 33, 65
35, x, 0, 38
52, g, 66, 39
34, T, 11, 22
96, K, 90, 46
15, k, 21, 68
22, J, 53, 42
89, J, 59, 59
79, G, 31, 29
66, H, 29, 35
3, c, 19, 27
27, a, 9, 74
14, B, 83, 95
7, o, 53, 99
93, y, 52, 30
22, u, 77, 21
74, r, 75, 61
1, r, 52, 87
9, C, 65, 53
9, N, 52, 92
62, M, 7, 25
54, p, 4, 14
37, q, 87, 47
27, y, 91, 87
99, L, 68, 61
24, A, 58, 32
15, X, 93, 64
96, M, 44, 43
61, Y, 21, 1
40, Y, 51, 33
5, r, 2, 88
53, X, 21, 84
97, Z, 65, 16
57, B, 54, 7
64, Q, 41, 53
68, C, 2, 2
46, Q, 87, 43
68, E, 22, 85
29, N, 75, 63
55, A, 90, 68
18, M, 65, 91
14, G, 15, 62
11, k, 23, 76
6, y, 64, 11
37, Z, 45, 58
74, C, 52, 16
1, o, 99, 93
18, k, 43, 3
87, A, 52, 36
16, o, 81, 7
25, O, 40, 57
45, D, 7, 35
53, N, 42, 70
21, W, 26, 56
10, M, 23, 81
83, R, 55, 40
80, R, 99, 8
61, K, 30, 59
60, e, 42, 83
8, z, 57, 11
6, I, 89, 31
44, C, 74, 72
30, P, 10, 21
82, W, 95, 46
87, F, 52, 75
78, W, 20, 93
20, m, 6, 3
49, S, 27, 50
10, V, 41, 80
30, o, 96, 10
12, L, 60, 4
48, c, 46, 76
76, n, 64, 32
40, L, 68, 16
95, Q, 46, 67
73, S, 16, 46
72, Z, 5, 78
65, c, 85, 55
19, o, 34, 9
4, z, 14, 49
77, D, 26, 50
16, R, 59, 44
91, N, 1, 57
15, h, 20, 36
31, f, 37, 44
39, N, 97, 81
28, Z, 68, 25
83, F, 37, 16
64, U, 56, 86
59, k, 12, 84
1, c, 26, 30
57, h, 58, 100
6, q, 63, 28
4, c, 75, 59
97, S, 84, 66
34, f, 0, 78
8, M, 56, 81
45, a, 75, 91
94, n, 52, 92
93, m, 26, 18
64, k, 16, 89
32, N, 21, 59
34, g, 68, 82
68, H, 67, 43
91, Z, 18, 60
13, w, 40, 24
45, Z, 21, 8
78, M, 10, 1
31, z, 54, 55
79, e, 51, 98
45, z, 70, 10
76, a, 77, 28
81, n, 20, 15
87, T, 3, 81
25, k, 43, 0
86, Q, 31, 0
81, Y, 22, 8
83, w, 97, 58
33, b, 51, 3
84, R, 70, 99
8, f, 73, 19
41, c, 15, 41
31, v, 95, 68
6, f, 61, 66
32, v, 46, 99
36, q, 13, 79
77, G, 84, 95
32, F, 89, 23
10, S, 18, 4
5, I, 73, 85
78, J, 100, 15
14, S, 60, 66
11, y, 57, 97
82, a, 43, 24
74, t, 86, 96
56, z, 80, 42
38, y, 85, 75
28, T, 19, 50
21, r, 4, 93
17, I, 71, 60
95, I, 35, 74
87, X, 81, 19
2, s, 26, 64
98, N, 99, 7
66, a, 92, 19
64, w, 98, 31
61, z, 41, 92
33, K, 84, 12
12, A, 35, 57
90, W, 78, 61
45, M, 69, 61
5, z, 98, 1
71, L, 81, 74
73, S, 65, 38
7, R, 94, 33
55, f, 30, 39
52, L, 28, 98
84, W, 2, 84
1, O, 57, 83
20, b, 69, 1
56, F, 45, 53
59, b, 16, 21
93, M, 16, 26
37, E, 44, 59
4, O, 95, 83
60, d, 45, 73
81, N, 20, 25
56, E, 82, 5
37, L, 21, 87
16, e, 80, 6
47, Z, 37, 99
57, e, 89, 53
41, P, 3, 61
81, v, 50, 54
5, Y, 82, 27
78, V, 94, 82
86, g, 69, 90
99, A, 7, 8
0, r, 94, 52
32, o, 76, 83
30, g, 46, 46
69, w, 90, 61
95, d, 72, 32
52, N, 65, 50
4, w, 49, 58
8, w, 5, 34
0, D, 59, 42
10, X, 3, 9
44, C, 8, 52
81, v, 79, 99
71, C, 4, 83
81, i, 86, 68
20, y, 32, 92
93, k, 69, 87
11, p, 33, 31
47, p, 71, 32
35, g, 98, 18
52, K, 10, 4
17, N, 10, 75
15, Y, 41, 99
39, c, 38, 50
95, P, 27, 53
25, U, 38, 77
19, t, 26, 25
42, t, 25, 5
92, v, 8, 21
6, M, 31, 86
1, a, 69, 16
80, z, 33, 23
5, d, 60, 37
47, S, 32, 99
56, N, 45, 64
28, h, 43, 47
100, i, 29, 10
51, c, 64, 51
46, A, 24, 34
62, D, 79, 5
50, A, 85, 97
94, y, 26, 73
80, w, 95, 58
86, H, 32, 10
4, J, 37, 84
4, c, 91, 45
93, W, 12, 69
40, w, 71, 72
92, Z, 68, 30
34, i, 56, 92
31, Y, 36, 57
28, q, 81, 88
94, L, 16, 35
0, P, 60, 87
52, j, 48, 53
88, l, 75, 9
43, M, 28, 96
82, B, 73, 55
45, R, 36, 43
14, H, 28, 90
74, U, 37, 89
67, G, 49, 89
36, j, 89, 32
71, y, 16, 88
14, N, 98, 60
13, R, 0, 9
39, h, 46, 39
53, O, 77, 20
90, C, 40, 90
13, g, 22, 96
57, i, 83, 49
75, Q, 88, 62
67, w, 73, 42
57, V, 66, 43
63, f, 52, 40
16, F, 85, 97
18, l, 64, 54
67, Y, 45, 22
12, a, 89, 19
13, y, 76, 53
3, P, 64, 34
83, x, 11, 21
12, U, 59, 19
4, i, 52, 28
37, S, 56, 1
45, q, 8, 96
73, O, 95, 80
91, N, 38, 38
99, O, 14, 96
42, o, 36, 2
67, m, 40, 83
